-0.00753724 0.0109045
0.00432989 0.00676597
-0.0120547 0.00878281
0.00859561 0.00681883
0.0190349 0.00860029
-0.00697712 0.00605663
-0.000154816 0.00611506
0.00357925 0.0084955
-0.00337964 0.00766938
0.0116292 0.00934312
-0.00846614 0.0115791
-0.00769741 0.0107746
-0.0164162 0.0125034
-0.00066019 0.0128231
0.0266019 0.0275109
0.0572765 0.0384152
0 0.746941
0 0.746941
0 0.746941
0 0.746941
0 0.746941
0 0.746941
0 0.746941
0 0.746941
0.0027967 0.010941
0.00555059 0.0070902
0.000153729 0.00705296
-0.00109763 0.00739015
-0.00592397 0.00666997
0.00986421 0.00719293
0.00464332 0.00676019
0.00461605 0.00872412
-0.010865 0.00828158
0.00123963 0.00751488
-0.00351295 0.00882708
0.000718395 0.0121754
0.0147233 0.0126495
0.0112646 0.0139483
0.0438278 0.0194299
0 0.746941
0 0.746941
0 0.746941
0 0.746941
0 0.746941
0 0.746941
0 0.746941
0 0.746941
0.00203886 0.0144706
-0.00139425 0.00653539
0.00206868 0.00579017
-0.00232871 0.00764771
0.00404537 0.00760607
-0.00572865 0.00640544
0.00968178 0.00739965
-0.00406788 0.0068888
-0.00349958 0.00969114
0.00887722 0.0086789
-0.0048288 0.00968537
-0.0117359 0.0109973
0.00787552 0.0114893
0.0181974 0.0147951
-0.007901 0.0199226
0.112179 0.0543809
0 0.746941
0 0.746941
0 0.746941
0 0.746941
0 0.746941
0 0.746941
0.00696064 0.00788688
-0.00696162 0.00621007
0.00659476 0.00734119
0.00350441 0.00770647
0.00462355 0.00720728
-0.000800259 0.00791607
-0.0016979 0.0070157
-0.00223929 0.00727019
0.00392213 0.0065876
-0.011414 0.00826862
-4.83648e-05 0.00813847
-0.000369469 0.0119391
0.0137929 0.0119417
0.0115056 0.0108887
0.00643372 0.0251667
0 0.746941
0 0.746941
0 0.746941
0 0.746941
0 0.746941
0 0.746941
-0.00354303 0.0123134
0.0100897 0.00708597
0.0136418 0.00892007
0.00645759 0.0055517
0.0113732 0.00844408
0.00727739 0.0068347
-0.00877561 0.00730363
-0.00664914 0.0076121
0.00495487 0.0091587
-0.00714952 0.00867776
0.00904383 0.0100224
0.00527855 0.00984181
-0.00456735 0.0124523
0.00195227 0.00906965
0.00026071 0.0167485
0.0235017 0.0337937
0 0.746941
0 0.746941
0 0.746941
0 0.746941
0.0105562 0.00937603
-0.010414 0.00777057
-0.00654732 0.00665124
-0.0110679 0.00791264
0.0154032 0.00810291
-0.000352497 0.00633173
-0.000810723 0.00650809
0.00313714 0.00815646
-0.00614321 0.0076769
0.010681 0.00877997
0.0280684 0.0106602
0.0124781 0.0104331
0.00366478 0.0113578
0.00253849 0.0105483
-0.00593841 0.0173924
0.0311351 0.034493
0 0.746941
0 0.746941
0 0.746941
0.00319999 0.0104189
0.00364322 0.00602177
0.00314835 0.00703727
0.00480968 0.00717019
0.0080123 0.00656613
0.0067154 0.00985062
0.00325272 0.00720549
0.000547103 0.00711916
0.00199315 0.00911389
-0.0104599 0.00938889
-0.00992799 0.00852965
-0.00365369 0.00922513
0.00417377 0.010431
0.0201257 0.0168731
0.0784293 0.0374999
0 0.746941
0 0.746941
0 0.746941
-0.00476186 0.0100685
-0.00775769 0.00646074
-0.000425479 0.00763358
-0.00178345 0.00681488
0.0136243 0.00786268
-0.00883652 0.00693647
0.00747398 0.00798155
-0.0097635 0.00940726
0.000756314 0.00705875
-0.00732859 0.00766237
-0.00509237 0.0105938
-0.00211602 0.0103435
0.00551328 0.0112555
-0.00713024 0.0130119
0.0304971 0.01631
0.122121 0.0336767
0 0.746941
-0.00131058 0.0127834
-0.00915366 0.00674538
-0.0133629 0.00769661
-0.00772028 0.00693102
0.00837334 0.00670863
5.63367e-05 0.00689296
0.00175061 0.00727473
0.00411097 0.00854653
-0.00783431 0.00889122
0.0074608 0.00961791
0.0146057 0.00990726
-0.015521 0.0106075
-0.00555404 0.0100225
0.0113826 0.0186027
0.00798572 0.0223664
0.043816 0.035241
0.00775392 0.00850787
0.00708993 0.00772754
-0.000810778 0.00757841
-0.00941014 0.00675874
-0.00365295 0.00818386
-0.0192802 0.00923255
1.0068e-05 0.00875342
0.00547308 0.00833916
-0.0111541 0.0098107
0.0102111 0.00853683
-0.00102584 0.00909366
-0.0105504 0.0121448
-0.00500324 0.0111038
-0.0103195 0.0120505
0.00224028 0.0259227
0.00389766 0.00838053
-0.00437493 0.0067367
-0.00598761 0.00758283
-0.0110718 0.00682776
0.0114506 0.00739241
0.00957201 0.00775135
-0.00236332 0.00853332
0.00182703 0.00791164
0.00795739 0.00882053
-0.00421412 0.00994867
0.00212178 0.0108827
0.0117732 0.00982217
-0.00825917 0.0176826
-0.00492504 0.0118814
0.00710497 0.00886118
-0.00803506 0.00816764
0.0094756 0.00799113
-0.00917216 0.00658587
0.0241192 0.0071242
-0.000733031 0.00593872
0.0137554 0.00693759
0.014212 0.00765627
-0.0141342 0.0134841
-0.00371416 0.00893927
-0.00568704 0.0107015
0.00335479 0.0106021
0.0178656 0.0106058
0.00410875 0.00844239
-0.0135772 0.0070391
-0.00388335 0.00704097
0.00153185 0.00702687
0.00470635 0.00598131
0.00195904 0.00754093
0.0209093 0.00786393
0.00373593 0.00707899
0.016266 0.00951216
0.00704132 0.0098588
0.0033388 0.0086163
-0.00170554 0.00996306
0.0260568 0.0120659
0.000587978 0.00772502
-0.00534616 0.00759579
-0.00736049 0.00715814
0.000802827 0.00672243
-0.000186544 0.007102
-0.00405236 0.00697853
-0.00815965 0.00732096
-0.00889756 0.00963134
0.0049344 0.010089
0.0184308 0.0104914
0.00794363 0.0143166
-0.00496826 0.00749202
0.00121726 0.00763457
0.0051466 0.0098486
-0.00135766 0.00619343
0.00693224 0.00706205
-0.00291514 0.00673192
-0.000398847 0.00811924
0.00744828 0.00882444
0.00441248 0.00950236
-0.0119393 0.0118173
0.00112055 0.00580283
0.00442963 0.00764569
-0.00801262 0.00742327
-0.00395093 0.00829647
-0.00558994 0.00697024
0.00716992 0.00817303
0.00967772 0.00642306
-0.00343732 0.00733127
0.00717355 0.00929727
0.0032431 0.00740395
0.00484057 0.00799544
0.00875957 0.00679288
0.00803815 0.00809622
-0.00103542 0.00805584
-0.00724814 0.00708169
0.00938871 0.00725386
0.000330604 0.0103283
0.00430983 0.00665543
0.00037087 0.00772422
6.52982e-05 0.00917424
-0.011978 0.00858152
-0.00534971 0.00736643
-0.00276905 0.00939471
-0.0330877 0.0114434
0.00820286 0.00686759
7.45921e-05 0.0072908
-0.000850209 0.00706022
0.00604638 0.00641118
-0.00186075 0.00787285
-0.0127691 0.0107812
-0.000473216 0.0069835
0.00281478 0.00622009
0.0168708 0.00886245
-0.00179359 0.00831358
0.00149736 0.0116848
-0.00558476 0.0066582
0.00355984 0.0085624
-0.00628838 0.00796703
0.00152005 0.0111391
-0.00880492 0.00690019
-0.0104933 0.00604053
-0.00861689 0.00878214
-0.00720416 0.00646613
0.0102616 0.0119205
