0.0223395 0.00566774
0.00189126 0.00386254
0.0195356 0.00385992
0.00457923 0.0036822
0.0201038 0.00451023
-0.00280455 0.00490781
0.0192014 0.00669555
0.0228371 0.010942
0 0.746941
0 0.746941
0 0.746941
0 0.746941
-0.0173656 0.00535495
0.000222878 0.00351086
-0.0185865 0.00398949
0.0010884 0.00384025
-0.017547 0.00440077
-0.00621705 0.0048431
-0.0106611 0.0064964
0.0104358 0.00938284
0 0.746941
0 0.746941
0 0.746941
0.0279758 0.0059521
0.00091429 0.00364821
0.02597 0.00432428
-0.00352238 0.00363248
0.0181314 0.00459925
0.013148 0.00510425
0.024226 0.00597548
0.00198443 0.00839052
0.0368124 0.0365956
0 0.746941
-0.0175958 0.00526207
-0.000319927 0.00369176
-0.0133271 0.00397645
0.00053425 0.00387405
-0.0224413 0.00481717
-0.00649041 0.00461736
-0.0150153 0.00639792
0.0161818 0.0106728
0.101346 0.0486414
0.0176185 0.00528709
-0.00307409 0.00387345
0.0190952 0.00384523
-0.00223445 0.00442435
0.0196936 0.00476487
0.00297795 0.00499964
0.0153589 0.00638211
-0.00215822 0.0100426
-0.0184375 0.00504404
-0.00449426 0.00393266
-0.0103737 0.00387911
0.00405326 0.00373556
-0.0150297 0.0048816
0.00195053 0.00519093
-0.0157053 0.00634385
0.0178959 0.00537903
-0.000761069 0.00377104
0.0206108 0.00374826
0.0047114 0.00382926
0.0203328 0.0050014
0.00590451 0.0050211
-0.0241011 0.00650655
0.00278459 0.00383071
-0.0209223 0.00400248
-0.000924391 0.00391313
-0.0143468 0.00429402
0.0245445 0.00558068
0.00521598 0.00382505
0.0194859 0.00455253
-0.00107835 0.00400513
-0.0245458 0.00609542
0.00117809 0.00366289
-0.0150775 0.00421673
0.0171747 0.00566889
-0.00653403 0.00383619
-0.024919 0.005518
