0.00401936 0.00438615
0.00224053 0.00302906
-0.00137095 0.00280043
0.00177915 0.00349233
0.00104814 0.00348418
-0.000872803 0.00508909
0.0154851 0.00974523
0 0.00141421
0 0.746941
0 0.746941
-0.000676324 0.00378639
0.00263257 0.00298547
0.00537257 0.00301385
-0.00204808 0.00314927
-0.000370718 0.00375704
0.00468169 0.00484683
0.00835665 0.00737805
0 0.746941
0 0.746941
0.00364501 0.00426973
-0.00244119 0.00279275
0.000984915 0.00299616
-0.000887054 0.00334415
0.00436819 0.00368423
0.00174396 0.00460606
0.010981 0.00947926
0 0.746941
-0.000436522 0.00433975
-0.00217316 0.00298729
-0.000962155 0.00299278
-0.00272056 0.00341952
0.00105405 0.00420265
-0.00517064 0.00468146
0.0198604 0.0103171
0.00404676 0.00399061
-0.00561874 0.00310853
0.00706981 0.0031016
0.00672896 0.00333679
-0.000953182 0.00441811
0.00130576 0.00464229
-0.00276583 0.0042457
-7.89674e-05 0.00290164
0.00313048 0.00304743
0.00175373 0.00327453
0.00612143 0.00392333
-0.00341746 0.00415518
0.0014522 0.00312192
0.00101005 0.00313191
0.00266192 0.00316112
0.000692386 0.00420417
0.000183773 0.00314326
-0.000447353 0.00315572
-0.00200311 0.00405046
-0.00420893 0.00312997
-0.00370812 0.00401914
