0.0169342 0.00846685
-0.0024628 0.00605232
0.0234958 0.00575879
0.00134503 0.00565577
0.0249591 0.00510305
-0.00363105 0.00607283
0.0212354 0.00696197
0.000481268 0.00740803
0.0206436 0.00838123
-0.00965697 0.00955304
0.0144449 0.0160672
0.0321558 0.0200328
0 0.00141421
0 0.746941
0 0.746941
0 0.746941
0 0.746941
0 0.746941
-0.00983114 0.00853038
0.00361439 0.00572942
-0.0213283 0.00519869
0.00440585 0.00610628
-0.0157803 0.00531622
0.00472675 0.00673026
-0.0275248 0.00587113
0.00110711 0.00670412
-0.0233745 0.00762579
0.00519815 0.00783564
0.00865062 0.0144295
0.000608824 0.0193499
0 0.746941
0 0.746941
0 0.746941
0 0.746941
0 0.746941
0.0201619 0.00690105
-0.00232533 0.00494237
0.0210474 0.0061491
0.00193612 0.00597865
0.0194659 0.00576061
-0.000833975 0.00596414
0.0235912 0.00578783
-0.0080654 0.00683868
0.0243895 0.0090665
0.0109339 0.00854615
0.0320594 0.0114108
0.0264478 0.0367059
0 0.746941
0 0.746941
0 0.746941
0 0.746941
-0.0260406 0.00854237
0.0171752 0.00604534
-0.0189095 0.0049888
0.00181129 0.0063409
-0.0165512 0.00568205
-0.00873928 0.00585661
-0.0153824 0.00741818
0.00384488 0.00669463
-0.00788728 0.00782787
0.00290488 0.00834035
-0.0151717 0.00950385
0.00837318 0.0206303
0 0.746941
0 0.746941
0 0.746941
0.0217366 0.00757142
-0.00232976 0.00559316
0.0274353 0.0055491
0.00643973 0.00552023
0.0187149 0.00555389
0.000192675 0.00532637
0.0118266 0.00704866
0.00989556 0.00763813
0.0207428 0.00746791
-0.0036634 0.008749
0.0197428 0.0111503
0.0668416 0.032207
0 0.746941
0 0.746941
-0.0208671 0.00737893
-0.00495728 0.0054637
-0.0148625 0.00530441
0.00569054 0.00657554
-0.015488 0.00635534
-0.00533155 0.00627434
-0.0229668 0.00623156
-0.00778187 0.00648473
-0.0205337 0.00730313
0.00744526 0.00990672
-0.0170141 0.0120251
0.0496129 0.024538
0 0.746941
0.012505 0.00833011
-0.00799462 0.00557826
0.0168106 0.00561891
0.00558486 0.00517438
0.0120793 0.0059091
0.00115455 0.00657896
0.0203906 0.00687415
0.0129772 0.0080092
0.00706051 0.00772388
-0.0181332 0.00945585
0.0310318 0.0127039
0.0445201 0.0261909
-0.00516366 0.00811126
-0.00155557 0.00524642
-0.0291117 0.00580544
-0.0066758 0.00602329
-0.0112714 0.00676768
0.00723371 0.00642241
-0.0211505 0.00677709
0.00421325 0.00771769
-0.0188642 0.00771934
-0.00311415 0.00881448
-0.0372845 0.0111072
0.0218359 0.0072318
-0.00483632 0.00602233
0.0187041 0.00575992
0.0176179 0.0057413
0.0170676 0.0052219
0.0155855 0.00615213
0.0215862 0.00723871
0.00264249 0.00775219
0.0221504 0.0084045
0.0129565 0.00856078
-0.0252673 0.00738186
-0.00461277 0.00539488
-0.0205484 0.00590087
-0.000969964 0.00538846
-0.00965522 0.00545945
0.00543529 0.00593112
-0.0104706 0.00683504
0.0058581 0.0076221
-0.013932 0.00746437
0.0254104 0.0102592
0.00249173 0.00560923
0.020053 0.00582914
0.00099427 0.00601228
0.0194576 0.00548783
-0.00795632 0.00616578
0.0142153 0.00746025
0.0130167 0.0069655
-0.0311188 0.0088891
0.00214385 0.00501731
-0.020023 0.00572636
-0.00605139 0.00624516
-0.0250752 0.00541993
0.00812149 0.00557547
-0.0200846 0.0065816
0.0230557 0.00815377
0.00538907 0.00513837
0.0279161 0.00642444
0.00763429 0.00668838
0.0151226 0.0055884
0.00215379 0.00590462
-0.0228397 0.00844203
0.000193416 0.00592306
-0.0259743 0.00596717
-0.00406634 0.006372
-0.0187115 0.00635757
0.0101111 0.00863897
0.00348495 0.00568645
0.0249849 0.00571209
0.00388807 0.00653284
-0.0223707 0.00803603
-0.00309817 0.00624797
-0.023819 0.00560541
0.0114361 0.00852214
-0.0103325 0.00504017
-0.0207359 0.0086198
