0.0162396 0.0086995
0.00500358 0.00693885
0.0164252 0.00715444
0.00720658 0.00686982
0.0178364 0.00583687
-0.00189437 0.00577967
0.0291169 0.00798452
0.000493519 0.00830671
0.0246621 0.00885043
-0.00947478 0.00916729
0.0012175 0.010619
0.00282579 0.0150325
0.0502676 0.0295674
0 0.746941
0 0.746941
0 0.746941
0 0.746941
0 0.746941
0 0.746941
0 0.746941
-0.00598199 0.00990683
0.00106307 0.00617004
-0.014179 0.00657969
-0.00893121 0.00692991
-0.0124034 0.00629378
0.00129693 0.00622744
-0.0211287 0.00852539
0.000998557 0.0067759
-0.0141874 0.0073096
0.00164537 0.00877028
-0.014577 0.00957552
0.00773575 0.012504
0.0108733 0.0185732
0 0.746941
0 0.746941
0 0.746941
0 0.746941
0 0.746941
0 0.746941
0.0220811 0.00862396
-0.00309742 0.00553239
0.0239089 0.00650295
-0.0039012 0.00655793
0.0252538 0.00781745
-0.00146871 0.00638912
0.0104376 0.00729542
-0.00212476 0.00782301
0.014963 0.00704194
0.00598425 0.00849071
0.0309865 0.0113251
0.00782786 0.0111675
0.0673352 0.0250729
0 0.746941
0 0.746941
0 0.746941
0 0.746941
0 0.746941
-0.01372 0.00885653
0.00599869 0.00657875
-0.0131227 0.00660842
0.00799269 0.0057816
-0.00812871 0.00660507
-0.000461507 0.00634398
-0.0165855 0.00650576
-6.4613e-05 0.00832316
-0.0139879 0.0091103
-0.00410794 0.00898995
-0.0109416 0.0119494
0.00467162 0.00935128
-0.0130202 0.0247817
0 0.746941
0 0.746941
0 0.746941
0 0.746941
0.028838 0.00920764
-0.00337113 0.00655216
0.0139271 0.00649935
0.00493568 0.00620765
0.0237051 0.00735794
-0.00595817 0.00566279
0.0223417 0.00823606
-0.00757151 0.00757597
0.0353603 0.00952556
0.0203552 0.00901466
0.0155042 0.0116317
0.00374878 0.0103767
0.0169523 0.0193014
0.1918 0.041213
0 0.746941
0 0.746941
-0.00503253 0.0100707
-0.00808916 0.00583428
-0.0201122 0.00591845
0.00254656 0.00562847
-0.0112427 0.00804358
0.000722352 0.00619623
-0.0198726 0.00792852
-4.31683e-05 0.00760355
-0.0259193 0.00771442
-0.000922603 0.0088319
-0.0125645 0.00969858
0.0187993 0.0156071
-0.000343226 0.0187658
0 0.746941
0 0.746941
0.0234288 0.00859024
-0.00186048 0.00687676
0.0216056 0.0064879
0.000878512 0.00687282
0.0263341 0.00644757
0.00308835 0.00711586
0.0188717 0.00714534
-0.00813178 0.00711551
0.0212977 0.00871133
0.00566066 0.010262
0.0250556 0.0112755
0.0081478 0.0128206
0.0785782 0.0231564
0 0.746941
-0.0215644 0.00987354
7.68649e-05 0.00618947
-0.0266354 0.00637501
-0.00154948 0.00630809
-0.0302689 0.00753139
-0.00218913 0.00729744
-0.0157974 0.0084932
-0.0140592 0.00837306
-0.00605677 0.00788029
-0.0170182 0.00847789
-0.0272207 0.0108261
0.00450489 0.0139986
-0.0102669 0.0252857
0.0392735 0.0115974
0.00134637 0.00590655
0.00887742 0.0063608
-0.00420731 0.00634681
0.0297826 0.00753661
0.00450941 0.00720394
0.0248484 0.00783956
-0.00479361 0.00861686
0.0275237 0.00964127
0.000475444 0.0086151
0.0203383 0.0099019
-0.00675753 0.0114543
-0.0167553 0.00788615
-0.00413405 0.00689625
-0.0224009 0.0068726
0.0126763 0.00643334
-0.0142171 0.00603398
0.0106405 0.00591906
-0.0072362 0.00696428
-0.0141656 0.00987582
-0.0143262 0.00966849
-0.000934512 0.00897648
-0.0102849 0.00935105
0.0178948 0.00839951
-0.00630382 0.00627013
0.0131449 0.00624089
0.00537994 0.00597066
0.0229073 0.00688971
0.0212025 0.00726578
0.0232668 0.00697714
0.00488003 0.00837529
0.0226291 0.00934148
0.0104006 0.00880067
-0.00987513 0.0116336
0.00375933 0.00636973
-0.0209086 0.00657613
-0.00373704 0.00685029
-0.0228636 0.00590097
0.00354387 0.00654817
-0.0234379 0.00791015
-0.000677172 0.0074493
-0.00476634 0.00831913
0.0160231 0.0103875
-0.00456093 0.00679418
0.032182 0.0067201
-0.00400121 0.00666644
0.0134861 0.00727737
0.00272984 0.00625063
0.0170468 0.00690504
0.00610271 0.00745173
-0.0213974 0.00803649
9.36086e-05 0.0072384
-0.0221282 0.00723685
0.00712463 0.00640094
-0.0164252 0.00722065
0.00260202 0.00655735
-0.0118569 0.00689756
0.0277477 0.00982787
0.00670014 0.00593737
0.0206408 0.00770563
-0.00896982 0.00744717
0.0131576 0.00645002
-0.00421092 0.00798568
-0.0475964 0.0099151
0.00555716 0.00648588
-0.0184171 0.00659401
0.00595384 0.00677851
-0.0179216 0.00657513
0.0186796 0.00938386
-0.000196256 0.00591281
0.0279471 0.00812139
-0.00309369 0.00805942
-0.0254635 0.0111686
-0.00609688 0.00660245
-0.028933 0.00636159
0.0251191 0.00925089
-0.00987926 0.00617401
-0.0201277 0.0108288
