-0.00540341 0.00607105
0.00379799 0.00445455
0.00318434 0.00435247
-0.00138862 0.00372768
0.00131123 0.0045934
-0.00171236 0.00513636
-0.000803769 0.00570701
0.000539469 0.00741442
0.0227805 0.0113905
0.0422766 0.0221218
0 0.746941
0 0.746941
0 0.746941
0 0.746941
0.00394979 0.00561018
0.00120116 0.0036842
0.00101172 0.00429112
0.00197655 0.00419212
-0.00374403 0.00432313
0.00347182 0.0050091
-0.00289066 0.00544957
0.00230312 0.00671842
0.0104547 0.00934496
0.0264038 0.0374685
0 0.746941
0 0.746941
0 0.746941
-0.00210168 0.00580437
0.00942801 0.00436158
0.00688075 0.00396892
0.00670721 0.00414004
-0.00699726 0.00408386
-0.00471313 0.00517327
-0.000271246 0.00607631
0.0072462 0.00695214
0.00212843 0.00801309
0.023502 0.0337472
0 0.746941
0 0.746941
-0.00171285 0.0060049
-0.00382644 0.00396591
0.00671783 0.00430829
0.000972358 0.00383288
0.00236612 0.00415238
0.00245753 0.00506881
0.00229632 0.00556347
0.00343734 0.00599808
0.0109544 0.010662
0.191388 0.0351886
0 0.746941
-0.00544796 0.00554005
-0.00405646 0.00408857
0.000862778 0.00460834
0.00462341 0.00411517
-0.00421535 0.00456895
-0.00525647 0.00470116
0.00655563 0.00653602
0.00316218 0.00708355
0.0170273 0.00974196
0.0407194 0.0328232
0.0101984 0.00573356
-0.00164265 0.00416449
-0.00384293 0.00426971
-0.00534381 0.00456491
0.0023154 0.0049101
-0.00113503 0.00499281
-0.0114004 0.00590521
-0.00334975 0.00734149
0.00171455 0.0099611
-0.00226906 0.00537723
-0.00385898 0.00450888
0.00429746 0.00432516
0.00491334 0.00407557
0.0138266 0.00459607
-0.00317951 0.00555336
-0.00224303 0.00569258
0.00806461 0.0071961
-0.0015017 0.00570335
-0.00351404 0.00407759
-0.00189856 0.00416738
0.010067 0.00422651
0.000662571 0.00437102
-0.000133833 0.00584441
0.00670552 0.00584259
0.00674313 0.00679726
-0.0030293 0.00425435
-0.00317287 0.00420047
-1.66163e-05 0.00406159
-0.00107681 0.00469958
0.00687795 0.00463807
0.00344644 0.00546427
0.00366223 0.00419352
0.00383232 0.00452102
0.00364807 0.00427267
-5.44459e-06 0.00420515
-0.00379136 0.00593318
0.00285674 0.00456454
-0.00692048 0.00459693
0.00139376 0.00433498
-0.00605542 0.00610463
0.00280776 0.00405692
-0.00227451 0.00493876
0.00334976 0.00606236
-0.00776372 0.00373841
-0.00412386 0.00611238
