0.00135795 0.00508943
0.0019457 0.0036654
-0.000873998 0.00350314
0.00414341 0.00349677
-0.000399765 0.00421982
-0.00331027 0.00463136
-7.76525e-05 0.00626127
0.0245675 0.0100377
0 0.746941
0 0.746941
0 0.746941
0 0.746941
0.00203212 0.00475329
-0.000464002 0.00330768
0.000980603 0.00358665
0.000609588 0.00363706
0.00200127 0.0038961
-0.00662056 0.0045314
0.00932388 0.00617893
0.00962956 0.0087216
0 0.746941
0 0.746941
0 0.746941
0.00793794 0.00513567
0.000665443 0.00344749
0.00567298 0.00387542
-0.00368501 0.00343855
-0.00168133 0.00418149
0.0127308 0.00487262
0.00394228 0.00530511
0.00158002 0.0077313
0.0311554 0.0345582
0 0.746941
0.00177762 0.00462979
-0.000461002 0.00351977
0.00628218 0.00374799
6.08953e-08 0.0036403
-0.00361405 0.00427375
-0.00683176 0.0044062
0.00437923 0.00577893
0.0146652 0.00992311
0.122134 0.0336632
-0.0025681 0.00488603
-0.00426794 0.00373
-0.000977283 0.0035342
-0.00268599 0.00417649
-0.00134839 0.00455431
0.00324154 0.00472184
-0.00489757 0.00600554
-0.00225766 0.0097137
0.000976239 0.00451688
-0.00458805 0.00379365
0.00859493 0.0035955
0.00332259 0.00356147
0.00493196 0.00468784
0.00103333 0.00499657
0.00507592 0.00597144
-0.00123187 0.0049306
-0.00176689 0.00366341
0.000415636 0.00338703
0.00459285 0.00361809
0.000176884 0.00443922
0.00564687 0.00485085
-0.00464259 0.00578802
0.00246736 0.00366945
-0.00127506 0.00356279
-0.00105832 0.00370626
0.00475082 0.00387194
0.00371515 0.00505252
0.00480834 0.00361213
-0.00112771 0.00422137
-0.00144332 0.00381608
-0.00539469 0.00529909
0.000555468 0.00342543
0.00467827 0.00384457
-0.00272093 0.00513394
-0.00683733 0.00358198
-0.00485666 0.00477164
