-0.00436627 0.00779816
0.0051609 0.00653631
-0.00232792 0.00666039
0.00529917 0.00632381
-0.00256194 0.00520751
-0.00228141 0.00541854
0.00801424 0.00690336
-0.000496343 0.00807161
0.00598016 0.00767424
-0.0110973 0.00844843
-0.0171385 0.0105984
0.00372575 0.0138539
0.0272264 0.0243354
0 0.746941
0 0.746941
0 0.746941
0 0.746941
0 0.746941
0 0.746941
0 0.746941
0.0129028 0.00900772
0.000702182 0.00567199
0.00469542 0.00568249
-0.00869108 0.00644824
0.00662722 0.00558853
0.000967105 0.00592786
-0.00232408 0.00754124
0.000600484 0.00608662
0.00538263 0.00637957
0.00273999 0.0087521
0.00529506 0.00934274
0.00697861 0.0133817
0.0240355 0.0178919
0 0.746941
0 0.746941
0 0.746941
0 0.746941
0 0.746941
0 0.746941
0.00177838 0.00755624
-0.00395678 0.00512385
0.00204366 0.00563439
-0.00418665 0.00618351
0.0043711 0.00654727
-0.00244674 0.00586247
-0.00993838 0.00687587
-0.000632065 0.00745074
-0.00688376 0.00665644
0.00453138 0.00789487
0.0121768 0.0099418
0.00754349 0.00991088
0.0413279 0.0201642
0 0.746941
0 0.746941
0 0.746941
0 0.746941
0 0.746941
0.00530314 0.0084516
0.00579543 0.00609073
0.00656623 0.00595786
0.00836805 0.0054856
0.0112334 0.00636032
-0.00121315 0.00585715
0.00179049 0.00559182
-0.0016808 0.00766861
0.00596948 0.00812888
-0.0050729 0.00843741
0.00787247 0.0110443
0.00341495 0.00828774
0.00445481 0.0194241
0 0.746941
0 0.746941
0 0.746941
0 0.746941
0.00890856 0.00758474
-0.00443908 0.00611471
-0.00542074 0.00595533
0.00364799 0.0058724
0.00332063 0.00676557
-0.00523649 0.00516453
0.00382597 0.00700643
-0.00802385 0.00726253
0.0146381 0.00791391
0.0196487 0.00879591
-0.00209 0.0104585
0.0038461 0.00923177
-0.00454289 0.0175603
0.191382 0.0346401
0 0.746941
0 0.746941
0.0143019 0.00953442
-0.00711836 0.00538774
-0.000495175 0.00526263
0.00239919 0.00531592
0.00881923 0.0077061
0.00085168 0.00581476
-0.00131103 0.00699992
0.000415359 0.00694674
-0.00723043 0.00636396
-0.00176205 0.00860016
0.00628048 0.00882884
0.0142286 0.0140296
0.0169617 0.0169408
0 0.746941
0 0.746941
0.00310785 0.00728536
-0.00124532 0.00689688
0.000152539 0.00592204
-0.000249836 0.00668916
0.00588266 0.00559198
0.00119644 0.00639217
-0.00148927 0.0068156
-0.0077365 0.00656569
0.000400451 0.00795394
0.0055823 0.0108076
0.00482913 0.00935955
0.00865335 0.0120684
0.0531204 0.0205299
0 0.746941
-0.00411553 0.0087013
-0.000917631 0.00595234
-0.00663893 0.00557865
-0.0015886 0.00581207
-0.0105333 0.00628538
-0.00227253 0.006716
0.00191215 0.00750833
-0.0154877 0.00817923
0.0138633 0.00752395
-0.0159462 0.00786246
-0.00731844 0.00951931
0.00491541 0.013425
0.0201252 0.0232296
0.0179251 0.00975305
0.00145365 0.00555499
-0.0117284 0.00621941
-0.00378771 0.0060179
0.00913345 0.00640043
0.00342064 0.00707232
0.00315079 0.00720548
-0.00378804 0.0078878
0.00977799 0.00923846
-0.00144224 0.00794712
-0.00174176 0.00913707
-0.00432883 0.0110168
0.00082499 0.00700809
-0.00387089 0.00669686
-0.00252553 0.00618596
0.0108645 0.00600839
0.0045387 0.00550634
0.00971221 0.00562119
0.0126315 0.00656075
-0.0163223 0.00941415
0.00444949 0.00888661
-0.00214497 0.00857606
0.0110978 0.00888423
0.000767857 0.00727223
-0.00808029 0.00607666
-0.00765397 0.00593386
0.00543082 0.00557148
0.00262121 0.00617046
0.0202265 0.00680081
0.00314155 0.00594176
0.00331187 0.0078961
0.00294726 0.00843373
0.0100116 0.00832601
0.00692348 0.0105792
0.0034641 0.00601007
-0.00190463 0.0057268
-0.00443491 0.00665345
-0.00236723 0.00516216
0.00424956 0.00598039
-0.00457705 0.00688749
0.000695391 0.0069252
0.0129396 0.00803497
-0.00117814 0.00942422
-0.00495789 0.00634175
0.0119694 0.00560354
-0.00413776 0.00616198
-0.00648346 0.0069353
0.00198615 0.00573398
-0.00226975 0.006119
0.00446268 0.00707421
-0.00277616 0.00689207
-0.00234216 0.00700334
-0.00346689 0.00640593
0.00465751 0.00591971
0.00211091 0.0066519
0.00220095 0.00602269
0.00681546 0.00617162
0.00623821 0.00836283
0.00699783 0.00548083
0.00161388 0.00692522
-0.00786202 0.00692784
-0.00773413 0.00618616
-0.0035312 0.0075958
-0.0267771 0.00958914
0.00490423 0.00589483
0.000261501 0.00569881
0.00557055 0.00620791
0.00255391 0.00567957
-0.00205063 0.00863147
-0.000900901 0.0053005
0.00686289 0.00691974
-0.00445631 0.00756279
-0.00532322 0.00931917
-0.00705266 0.0062134
-0.0082565 0.00524076
0.00546912 0.00783028
-0.00937449 0.00551892
-0.000201702 0.00902648
