0.000206529 0.00362322
0.000561767 0.00227573
0.00261045 0.00242052
-0.0015417 0.00291269
0.000168736 0.00413676
0.0231669 0.00999897
0 0.00141421
0 0.746941
0.00359687 0.0031933
0.0010587 0.00245402
0.000509751 0.00233672
-0.000369577 0.00292459
0.00916534 0.00374795
0.00305342 0.00756241
0 0.746941
-0.000511828 0.0032109
-0.000505086 0.00244221
0.000814505 0.00249469
-0.00356792 0.00286337
0.0015654 0.00391587
0.0239398 0.00983126
0.00265739 0.00321812
-0.00517773 0.0024835
0.00581591 0.0025748
0.0025611 0.00317733
0.00159216 0.00396849
-0.00095645 0.00346718
-0.000241151 0.00242474
0.00243689 0.0023961
0.00346058 0.0031303
0.00174851 0.00328557
0.00106488 0.00252661
-1.402e-05 0.00253589
-0.00231804 0.00347324
0.0011814 0.00245993
-0.00679058 0.00310988
