-0.00375956 0.00683539
-0.00104217 0.00529301
0.00218252 0.00497028
0.000380375 0.0043712
-0.00209612 0.00449916
0.00758854 0.00556894
0.00447054 0.0059916
-0.00464251 0.00700787
-0.00096384 0.00777143
-0.000158079 0.0131748
0.0268209 0.0269178
0 0.00141421
0 0.746941
0 0.746941
0 0.746941
0 0.746941
0.00682604 0.00720657
0.000723689 0.00431676
-0.000829103 0.00462388
0.00161081 0.00458951
0.00536297 0.00487157
-0.00851482 0.00495096
0.00433611 0.00572822
-0.00778116 0.00717784
0.00976311 0.00740461
0.0221283 0.012005
0.0245913 0.0257077
0 0.746941
0 0.746941
0 0.746941
0 0.746941
0.00209559 0.00596778
0.00185086 0.00466008
0.000856506 0.00502317
0.00814875 0.00491517
0.00327748 0.00516838
0.00103714 0.00453309
-0.0061974 0.00550645
0.00277548 0.00655999
0.0102127 0.00703961
0.0104163 0.00989312
-0.00332756 0.0352019
0 0.746941
0 0.746941
0 0.746941
0.00857293 0.00637362
0.000775938 0.00482177
-0.00498179 0.00472906
0.00522237 0.00475998
-0.00596433 0.004352
0.00106303 0.00510813
0.00222814 0.00651284
0.0140504 0.00721099
0.00313684 0.00680321
0.00229255 0.0084389
0.00871893 0.0192412
0 0.746941
0 0.746941
0.00485118 0.00668529
-0.00507135 0.00417986
0.00483377 0.00461369
-0.0012587 0.00547417
0.00338975 0.00481166
-0.00202645 0.00584597
-0.00467099 0.00529207
-0.00399655 0.00606469
0.00687339 0.00718487
0.00913057 0.0135491
0.0387761 0.0223007
0 0.746941
0.00732058 0.00741749
-0.00399402 0.00479623
-0.00221421 0.00473487
0.00387033 0.00443122
-0.00407646 0.00513001
0.000952869 0.00577503
-0.00652578 0.00586361
-0.000184199 0.00662242
-0.00452225 0.00758294
0.0184673 0.0124089
0.026027 0.0237491
0.0107063 0.00670793
0.000665433 0.00459979
-0.0060125 0.00457995
-0.0117237 0.00561197
0.00140958 0.00533108
-0.00118058 0.00574911
0.00123799 0.00622821
0.00166693 0.00645426
-0.00365807 0.0073557
-0.0106595 0.0106531
-0.000460712 0.00600431
-0.000329121 0.00519513
-0.00375818 0.00465597
0.0134446 0.00489363
0.00664266 0.00471761
0.00958601 0.00604216
-0.00351857 0.00664506
-0.000684908 0.00665739
0.0176635 0.00776341
-0.0011884 0.00608165
-0.00793311 0.00498248
0.00146146 0.0047207
-0.00391396 0.00446312
0.0156967 0.00510863
0.00163381 0.00496986
0.00226979 0.00674758
0.00646437 0.00627332
0.0143309 0.00735068
-0.00251003 0.00523284
0.00460679 0.00504374
-0.000977378 0.00443689
-0.00413902 0.00463851
-0.000876249 0.00606345
0.0059252 0.00608661
-0.00463622 0.00600845
0.00432662 0.0045488
-0.00640609 0.00525785
-0.00267726 0.00492007
0.00524769 0.00477329
0.00268923 0.00485058
0.00455616 0.00762031
0.00716895 0.00458176
0.00479555 0.00539676
-0.00879385 0.00533467
-0.00125936 0.00531685
-0.0104332 0.00740912
0.000857695 0.00468738
0.00487942 0.00484885
0.00234122 0.00490367
-0.00222807 0.00723427
-0.00194752 0.00458585
-0.000521164 0.00543408
-0.00311724 0.00699093
-0.00977038 0.00404408
-0.00198252 0.00672462
