-0.00359799 0.00786644
-0.00188199 0.00570488
0.00381109 0.00539018
0.000665144 0.00525358
0.00538479 0.00466401
-0.00393315 0.00588742
0.000353111 0.00650694
0.00125235 0.00709066
-9.42508e-06 0.00795015
-0.0079881 0.00946768
-0.00474341 0.0150173
0.0311908 0.0201341
0 0.746941
0 0.746941
0 0.746941
0 0.746941
0 0.746941
0 0.746941
0.00961416 0.00794966
0.00300863 0.00532263
-0.00147945 0.0049653
0.00375704 0.00558477
0.0033788 0.00499408
0.00426489 0.0063246
-0.00778655 0.00557406
0.00145466 0.0062319
-0.00402561 0.00752569
0.00472377 0.00761006
0.0326849 0.0141285
0.000795677 0.0175678
0 0.746941
0 0.746941
0 0.746941
0 0.746941
0 0.746941
0.000582651 0.00633907
-0.00345824 0.00466182
0.00093079 0.00574725
0.00251528 0.00555885
-0.000207306 0.00539869
-0.00111433 0.00554754
0.00346702 0.00533049
-0.00869699 0.00654112
0.00463344 0.00839381
0.0114021 0.0081655
0.0109282 0.0104273
0.0264116 0.0374048
0 0.746941
0 0.746941
0 0.746941
0 0.746941
-0.00526847 0.00811937
0.0165926 0.00571273
0.00113612 0.00470861
0.00170902 0.00607376
0.00244934 0.00548522
-0.0080684 0.00553341
0.00431514 0.00696882
0.00423953 0.006245
0.0117869 0.00752126
0.00281156 0.00789694
0.00395471 0.00847561
0.00686398 0.0190009
0 0.746941
0 0.746941
0 0.746941
0.00234733 0.00699898
-0.00263334 0.00525791
0.00753931 0.00516871
0.00637285 0.00530803
-0.00090895 0.00517381
0.000730394 0.00495441
-0.00790543 0.00683904
0.00858211 0.00724481
-0.000208878 0.00705862
-0.0025039 0.00822479
-0.00156767 0.0104041
0.0641495 0.0366822
0 0.746941
0 0.746941
-0.000322057 0.00685205
-0.00479131 0.00520179
0.00459022 0.00508005
0.00576331 0.00644754
0.00351717 0.00597637
-0.00612576 0.00591683
-0.00357811 0.00599869
-0.0073763 0.00621812
-0.000739196 0.0072672
0.00699012 0.0091176
0.00249662 0.0109757
0.0463216 0.0224471
0 0.746941
-0.00832459 0.00822648
-0.00870433 0.00540781
-0.00380835 0.00536859
0.00534986 0.00479346
-0.00631584 0.00545137
-0.00058882 0.0061415
-0.00048151 0.0063817
0.0142225 0.00808545
-0.0121392 0.00740747
-0.0173521 0.0094261
0.0108566 0.0122958
0.0444932 0.0232339
0.0136144 0.00778664
-0.00123212 0.00494517
-0.00996016 0.00573342
-0.00623076 0.00578082
0.0085283 0.00640864
0.00648556 0.00625634
-0.00137005 0.00642664
0.00443143 0.00741825
0.000359413 0.00743365
-0.00423505 0.00839898
-0.0165896 0.0115312
0.000799799 0.0067767
-0.00414978 0.00583439
-0.00135722 0.00548572
0.0168122 0.00546425
-0.00306628 0.00479835
0.0156987 0.00602503
0.00261981 0.00696661
0.00204817 0.00738367
0.00154005 0.00794154
0.0140346 0.00837802
-0.00338987 0.00705093
-0.00550219 0.00526868
-0.0014958 0.00568814
-0.000291509 0.00499115
0.00982752 0.00524312
0.0055061 0.00559692
0.00829288 0.006465
0.00708247 0.0073747
0.0055328 0.00724663
0.00544475 0.0100495
0.0026895 0.0053584
0.000128758 0.00545592
0.00196741 0.00579732
-0.000104436 0.00509073
-0.00814623 0.00587863
-0.00433619 0.00708358
0.0117113 0.00651595
-0.0108022 0.00853091
0.00172919 0.00476092
0.00036081 0.00538141
-0.00709931 0.00601777
-0.00461122 0.00516496
0.0088771 0.00527809
-0.00164008 0.00624036
0.00301507 0.00770118
0.00549889 0.00490348
0.00813725 0.00583742
0.00746825 0.00642312
-0.00556121 0.00525735
0.00221613 0.0055423
-0.00307741 0.00776225
0.000265005 0.00557715
-0.00603062 0.00576295
-0.00440428 0.00593633
0.00263939 0.00604477
-0.0100173 0.00819407
0.00326533 0.00527924
0.00499752 0.00526002
0.0035242 0.00610708
-0.00235256 0.0075293
-0.00339397 0.00583541
-0.00349209 0.00523527
-0.00836931 0.00820556
-0.00964572 0.00468096
-0.000750369 0.00798186
