0.00033918 0.00248671
-0.000825534 0.00256449
0.00323273 0.00241955
-0.00118603 0.00229775
0.000380431 0.00211377
0.00366615 0.00224014
0.0016354 0.00208106
-0.00153673 0.00208016
0.00357744 0.00200186
0.000447421 0.00206564
-0.00114827 0.0019031
0.0010172 0.0020564
-0.00226485 0.00197341
-0.000956067 0.00189467
0.000388524 0.00195427
0.00180879 0.00184473
-7.95806e-05 0.00193867
-0.00112354 0.00184596
0.00222542 0.00189182
-0.00295683 0.00199774
-4.92147e-05 0.00200741
0.00160335 0.00197811
0.00339317 0.00198891
-0.000474086 0.00196157
0.00112289 0.00208706
0.00138618 0.00214071
0.0020977 0.00214867
0.00309171 0.0023356
-0.00294786 0.00232081
-0.00245457 0.00237237
-0.00020642 0.00235557
-0.00208942 0.00239026
-7.50705e-05 0.00244877
0.00078184 0.00260869
