0.000183744 0.00224587
0.000559724 0.00208292
0.000528029 0.00202131
0.000241479 0.00187092
0.00331414 0.0019
-0.00101309 0.00176582
0.00299104 0.00176909
-8.12332e-05 0.00176635
0.00168707 0.00170856
-0.00306238 0.00174406
-0.000120306 0.00166389
-0.000345199 0.00164487
0.00152378 0.00162852
-0.000301466 0.00162296
-0.0010247 0.00170233
-0.00083681 0.00176028
0.00321686 0.0017223
0.000858222 0.0017104
0.00147488 0.00175205
0.000360484 0.00187327
0.0025671 0.00193694
0.000262987 0.00199505
-0.00232654 0.00202509
-0.000952392 0.00203013
-0.00121595 0.00215112
0.000249769 0.00220218
