0.00362751 0.00303464
-0.00434642 0.00309265
3.16303e-05 0.00299539
0.00293396 0.00278423
0.000115409 0.00284949
-0.000403793 0.00278803
-0.000147252 0.00242107
0.0028646 0.00260534
0.00330776 0.00268636
0.00125658 0.00246548
-0.00251975 0.0024029
0.0041127 0.00247956
0.00226573 0.00235495
0.00223007 0.00252744
-0.00368415 0.00227181
0.00235319 0.00228713
-0.000341781 0.00245634
-0.00237313 0.00234938
-0.00178867 0.00234004
0.000124384 0.00233935
0.000397263 0.00229894
-0.00173375 0.0022254
0.00414432 0.00224413
0.000141589 0.00225517
-0.00126044 0.00218694
0.000861315 0.00224513
-0.000130929 0.00226551
-0.00316303 0.00233854
0.00118035 0.00242231
-0.00056655 0.00245524
0.00292422 0.00235935
0.00206432 0.0024194
0.000186368 0.0022875
0.00172186 0.00232666
0.00147543 0.00242225
-0.000214384 0.00274201
0.00265933 0.00244479
0.00214148 0.00262638
0.00193318 0.00278103
0.000241276 0.00262538
-0.00163558 0.00281712
-0.00109435 0.00281407
-0.00105469 0.00277799
-0.0030901 0.00292468
-0.00110878 0.00288543
0.000140975 0.00281841
-0.000394327 0.00319724
-0.000248056 0.00298788
