0.00338459 0.00275865
-0.00703171 0.00295324
0.00257577 0.00273216
0.0037905 0.0025882
-0.00259335 0.00260257
0.00180023 0.00239957
0.000700733 0.00232365
0.00362217 0.00247225
0.000624584 0.0023694
-0.0011614 0.00224934
0.00442636 0.00225362
0.00107534 0.00227505
-0.000819883 0.00221744
0.000551875 0.00212523
-0.000743852 0.00225392
-0.00148485 0.00218891
-0.00207412 0.00212582
0.00219657 0.00219026
-0.00279846 0.00218365
0.00229603 0.00201255
0.00067928 0.00212411
-0.0022156 0.00206755
0.00136684 0.00211683
0.000490542 0.00217439
-0.00146077 0.00215591
-0.00098785 0.0022959
0.00185627 0.00218809
0.00274931 0.00228509
0.00112186 0.00212606
0.000669623 0.00220908
0.000418747 0.00241346
0.0029704 0.00236789
0.0024342 0.00231726
0.00121114 0.00255812
0.000112874 0.00247997
-0.00287531 0.00262778
-0.00161068 0.0027139
-0.000456758 0.00258994
-0.00068666 0.00271508
-0.00146414 0.00265528
5.42829e-05 0.00290285
0.00020025 0.0028641
