0.0133824 0.00323122
-0.0143576 0.00327221
0.00982146 0.00319457
-0.0061751 0.0029773
0.00979934 0.00306103
-0.0103975 0.00295044
0.00964354 0.00264341
-0.00671757 0.00276187
0.0130455 0.00285271
-0.00825681 0.00265614
0.0070966 0.00259409
-0.00607509 0.00264064
0.0118127 0.00253805
-0.00772307 0.00265037
0.0061895 0.00244693
-0.00778553 0.00243702
0.00933201 0.00260188
-0.0121348 0.00247572
0.00830306 0.00250121
-0.00976231 0.00247571
0.0103124 0.002427
-0.0115553 0.00235431
0.0144303 0.00237554
-0.0098309 0.00238063
0.00850125 0.00233032
-0.00958399 0.00238036
0.00997748 0.0024206
-0.0133705 0.00247035
0.0108863 0.00255575
-0.010829 0.00258404
0.012943 0.00252042
-0.00720556 0.00255322
0.010701 0.00243358
-0.00840219 0.00248048
0.0113804 0.00257597
-0.0101323 0.0028855
0.0121012 0.00263706
-0.00828959 0.00278481
0.0118706 0.00298514
-0.00959888 0.00279208
0.00820149 0.00303179
-0.0109344 0.00303345
0.00929788 0.00297121
-0.0133281 0.00309789
0.00842117 0.00307423
-0.00947929 0.00305586
0.00870314 0.00342468
-0.0102445 0.00320618
