0.0101949 0.00260783
-0.0110006 0.00257618
0.0134592 0.00245263
-0.011749 0.00244379
0.00963347 0.00220598
-0.00596916 0.00223389
0.010614 0.00221611
-0.00904878 0.00209371
0.0122626 0.00210382
-0.0123079 0.00203339
0.0120385 0.00202708
-0.0128342 0.00204773
0.00927773 0.00200545
-0.00993971 0.00200389
0.010907 0.00191094
-0.00919305 0.00194133
0.00828141 0.00192405
-0.00931128 0.00193858
0.00825851 0.00203502
-0.0108723 0.00209025
0.0138857 0.00204454
-0.00948616 0.00199966
0.010419 0.00208023
-0.00841584 0.0022139
0.0131205 0.00219171
-0.00973381 0.00235842
0.00921946 0.0023647
-0.0110557 0.00247151
0.00819202 0.0024501
-0.0118643 0.00248221
0.009004 0.00260246
-0.00959978 0.00268958
