0.00966868 0.00226833
-0.00760834 0.00215866
0.00969208 0.00213019
-0.00845274 0.00187048
0.0126731 0.0019487
-0.00913655 0.00182796
0.0121702 0.00184422
-0.0103766 0.00172086
0.00884689 0.00179
-0.0103897 0.0017249
0.00940408 0.0016767
-0.0074104 0.00164662
0.00954266 0.00166415
-0.0114043 0.00172576
0.0103 0.00181173
-0.00670322 0.00177808
0.0115142 0.00173818
-0.00870781 0.00189392
0.0120427 0.00192278
-0.00845974 0.00200105
0.00866405 0.00214598
-0.0116332 0.00210161
0.00978764 0.00213407
-0.0104578 0.00230416
