0.0133756 0.00317969
-0.0158179 0.0032192
0.0125545 0.0030504
-0.00607686 0.00298197
0.00895852 0.00288834
-0.0104419 0.00280769
0.0109092 0.00266691
-0.00587883 0.00277541
0.0134349 0.00268397
-0.0107004 0.00265093
0.00930528 0.00256448
-0.00564358 0.00249781
0.0121482 0.00254181
-0.0109797 0.00246245
0.00774869 0.00237179
-0.00787987 0.00253993
0.00770779 0.00241166
-0.0113416 0.00246378
0.0101309 0.00239207
-0.00832652 0.00237152
0.00781419 0.00240776
-0.0068006 0.00224084
0.0104963 0.00236554
-0.0104831 0.00226706
0.0100936 0.00233578
-0.00983916 0.00236964
0.00779558 0.00246441
-0.0114211 0.00243661
0.00946291 0.00251424
-0.00431369 0.00242005
0.0140286 0.00254186
-0.0107141 0.00236929
0.0111557 0.00254993
-0.00959582 0.00264346
0.0125312 0.00267981
-0.00648243 0.00255397
0.0093605 0.00281571
-0.00716581 0.00284299
0.0076747 0.00291225
-0.010768 0.00284403
0.0101198 0.00301686
-0.0123775 0.0030598
0.00817868 0.00297402
-0.0103152 0.00303128
0.00952101 0.00336283
-0.0104921 0.0031469
