0.0121451 0.00288571
-0.0141361 0.00289104
0.0128799 0.00280321
-0.00744473 0.00273872
0.00827704 0.00277897
-0.0103367 0.00243921
0.0147204 0.00261414
-0.00762155 0.002401
0.0075031 0.0024098
-0.00677144 0.00244163
0.0128915 0.00229614
-0.0120248 0.0023105
0.01011 0.00227086
-0.00846791 0.00234591
0.00734679 0.00230249
-0.0115794 0.00229023
0.0109602 0.00219505
-0.00994822 0.0022929
0.0118931 0.00210807
-0.00975802 0.00217102
0.00760037 0.00216038
-0.00845702 0.0021567
0.00876173 0.00226761
-0.0111749 0.00222486
0.00953371 0.00238275
-0.0065291 0.00224645
0.0144988 0.00236495
-0.011246 0.00221588
0.0117492 0.00234753
-0.00982622 0.00258691
0.0125133 0.00238478
-0.00830903 0.00262102
0.0124127 0.00270342
-0.0121213 0.00270487
0.00868463 0.00274102
-0.0129377 0.00273093
0.00900231 0.00283887
-0.0105003 0.00277214
0.0105047 0.00295014
-0.0105892 0.00300665
