0.000455615 0.0024347
-0.000900358 0.00242968
0.00379091 0.00227714
-0.00193696 0.00228156
5.12522e-05 0.00201348
0.00373535 0.00212652
0.00079906 0.00202941
0.00114596 0.00195836
0.00262041 0.00195711
-0.00252461 0.00191521
0.00261186 0.00187606
-0.00293749 0.00196824
-0.000940884 0.00185732
0.00010398 0.00192564
0.000902129 0.00178765
0.000762097 0.00185338
-0.00126438 0.00179379
0.000798855 0.0018334
-0.00126788 0.00192382
-0.000391041 0.00199031
0.00365211 0.00189802
-0.000261161 0.00190912
0.000742655 0.00193113
0.00148865 0.00210292
0.00376943 0.00202542
0.000612934 0.00220783
-0.000559074 0.00218763
-0.00109822 0.00228465
-0.00188805 0.00228343
-0.00140052 0.00236507
-0.00105266 0.00238317
0.000916663 0.00248443
