0.00227495 0.00269002
-0.00424076 0.00272281
0.00269879 0.0026419
0.00269605 0.00254414
-0.00180465 0.00258793
-0.000265187 0.00225844
0.00463105 0.00244833
0.00180859 0.00223989
-0.00213636 0.00221826
0.00340535 0.00229303
0.00303964 0.00213687
-0.002201 0.00217384
0.000119715 0.00210526
0.00159074 0.00221747
-0.00266074 0.00216385
-0.00170832 0.00215919
0.000867813 0.00206226
-0.000242745 0.00216898
0.00163556 0.00197401
0.000124004 0.00206165
-0.00211237 0.00202923
0.00198283 0.0020354
-0.001429 0.00210426
-0.00108423 0.00212487
6.7654e-05 0.00224814
0.00312234 0.00211681
0.0038009 0.00223674
-0.00158905 0.00207649
0.00188172 0.00219714
-6.1738e-05 0.00246014
0.00282952 0.00220203
0.00184584 0.0024661
0.00244256 0.00250932
-0.00208515 0.00255407
-0.00130978 0.00250733
-0.00336282 0.00257115
-0.0005959 0.00264415
-0.000422296 0.00258194
0.000539693 0.00273783
-0.000432128 0.00279231
