0.0109439 0.00274103
-0.0112545 0.00276353
0.0128749 0.00262963
-0.00968482 0.00258126
0.0104514 0.00243286
-0.00854174 0.00229292
0.0144465 0.00243738
-0.0114717 0.00225247
0.0126197 0.00228199
-0.00669358 0.0021592
0.00915211 0.00223775
-0.0100656 0.00206886
0.00877726 0.00217324
-0.0112651 0.00217355
0.00997594 0.00210671
-0.00993498 0.00207706
0.0121934 0.00200567
-0.00940544 0.00207183
0.00872723 0.00201293
-0.00875937 0.00207839
0.00694332 0.00211471
-0.00978481 0.00219649
0.0116955 0.00216234
-0.00640343 0.00220859
0.0119715 0.00209051
-0.00886033 0.00216572
0.010595 0.00241341
-0.00656928 0.00224553
0.0107963 0.00247746
-0.00893006 0.00243212
0.00690294 0.00258346
-0.00982717 0.00256342
0.00817015 0.00265863
-0.0111886 0.00259514
0.00994762 0.00270794
-0.00940777 0.00289032
