2.66222e-05 0.00236867
0.000191221 0.00234496
0.00243687 0.00215936
-0.00119416 0.00213493
0.00130712 0.0019589
0.00305326 0.00200866
-0.00132403 0.00192476
0.00354399 0.00190095
-0.000762378 0.00188046
0.000816563 0.00182843
-0.00133943 0.00186107
-0.00162363 0.00191325
0.000931625 0.00182405
6.53593e-05 0.00175132
0.00100907 0.00178755
-0.00082361 0.0017326
0.00041796 0.00179026
-0.00152676 0.00187108
0.000212071 0.00190077
0.0029495 0.00189296
0.000602716 0.00178636
0.00128524 0.00193657
0.00157131 0.00202025
0.00227958 0.00204723
0.00105435 0.00211628
-0.00170033 0.00214276
-0.00261402 0.00228466
-0.000119821 0.00230798
-0.00148021 0.00225194
0.00093805 0.00240805
