0.000920723 0.0025685
-0.00142936 0.00262591
0.00229168 0.00245995
0.000241051 0.002437
0.000698715 0.0022575
0.00077997 0.00215222
0.00416603 0.00228533
-0.00170376 0.00211077
0.00251753 0.00212869
0.00296509 0.00204065
-0.000875133 0.00210581
-0.000194565 0.00194536
-0.00113032 0.00205409
-0.00192766 0.00207354
-0.000242744 0.00197812
-0.000397342 0.00198174
0.0019491 0.00189126
0.000359831 0.00198423
-0.00126537 0.00189334
0.00134858 0.00197932
-0.00291289 0.00198424
-4.39767e-05 0.00211114
0.00169139 0.00203147
0.00303112 0.00210504
0.00129508 0.00196614
0.000740427 0.00204421
0.000458644 0.00228818
0.0035437 0.00210829
0.000644534 0.00230459
0.000821635 0.00230371
-0.00320479 0.00239893
-2.84868e-05 0.00241833
-0.00198149 0.00248608
-0.0014484 0.00244103
-0.000265723 0.00251797
0.00068385 0.00270593
