-0.155347 0.0168753
-0.134224 0.0144265
-0.116791 0.0314389
0 0.00141421
0 0.746941
0 0.746941
0 0.746941
0 0.746941
0 0.746941
0 0.746941
0 0.746941
0 0.746941
0 0.746941
0 0.746941
0 0.746941
0 0.746941
0 0.746941
0 0.746941
0 0.746941
0 0.746941
0 0.746941
0 0.746941
0 0.746941
0 0.746941
-0.125869 0.0180694
-0.107857 0.0122421
-0.149807 0.017842
0 0.746941
0 0.746941
0 0.746941
0 0.746941
0 0.746941
0 0.746941
0 0.746941
0 0.746941
0 0.746941
0 0.746941
0 0.746941
0 0.746941
0 0.746941
0 0.746941
0 0.746941
0 0.746941
0 0.746941
0 0.746941
0 0.746941
0 0.746941
-0.0967481 0.0183502
-0.0965189 0.0117399
-0.0853906 0.0209393
0 0.746941
0 0.746941
0 0.746941
0 0.746941
0 0.746941
0 0.746941
0 0.746941
0 0.746941
0 0.746941
0 0.746941
0 0.746941
0 0.746941
0 0.746941
0 0.746941
0 0.746941
0 0.746941
0 0.746941
0 0.746941
0 0.746941
-0.0791744 0.0185205
-0.118336 0.0108885
-0.0609869 0.0177397
0 0.746941
0 0.746941
0 0.746941
0 0.746941
0 0.746941
0 0.746941
0 0.746941
0 0.746941
0 0.746941
0 0.746941
0 0.746941
0 0.746941
0 0.746941
0 0.746941
0 0.746941
0 0.746941
0 0.746941
0 0.746941
-0.101773 0.0152398
-0.0784545 0.0098312
-0.0605527 0.0198549
0 0.746941
0 0.746941
0 0.746941
0 0.746941
0 0.746941
0 0.746941
0 0.746941
0 0.746941
0 0.746941
0 0.746941
0 0.746941
0 0.746941
0 0.746941
0 0.746941
0 0.746941
0 0.746941
0 0.746941
-0.0615792 0.0177304
-0.0235953 0.0101082
-0.038968 0.0189066
0 0.746941
0 0.746941
0 0.746941
0 0.746941
0 0.746941
0 0.746941
0 0.746941
0 0.746941
0 0.746941
0 0.746941
0 0.746941
0 0.746941
0 0.746941
0 0.746941
0 0.746941
0 0.746941
-0.0719178 0.0154706
-0.0429678 0.0100114
-0.0363414 0.0189355
0 0.746941
0 0.746941
0 0.746941
0 0.746941
0 0.746941
0 0.746941
0 0.746941
0 0.746941
0 0.746941
0 0.746941
0 0.746941
0 0.746941
0 0.746941
0 0.746941
0 0.746941
-0.0406999 0.0157176
-0.037178 0.00933713
-0.0372297 0.0142007
0 0.746941
0 0.746941
0 0.746941
0 0.746941
0 0.746941
0 0.746941
0 0.746941
0 0.746941
0 0.746941
0 0.746941
0 0.746941
0 0.746941
0 0.746941
0 0.746941
-0.0600059 0.0140321
-0.0392418 0.0115821
-0.0254093 0.0134715
0 0.746941
0 0.746941
0 0.746941
0 0.746941
0 0.746941
0 0.746941
0 0.746941
0 0.746941
0 0.746941
0 0.746941
0 0.746941
0 0.746941
0 0.746941
-0.0346005 0.0164173
-0.021396 0.00957719
0.0177896 0.0220606
0 0.746941
0 0.746941
0 0.746941
0 0.746941
0 0.746941
0 0.746941
0 0.746941
0 0.746941
0 0.746941
0 0.746941
0 0.746941
0 0.746941
-0.0117637 0.0117431
-0.0124035 0.00972628
0.00386779 0.01833
0 0.746941
0 0.746941
0 0.746941
0 0.746941
0 0.746941
0 0.746941
0 0.746941
0 0.746941
0 0.746941
0 0.746941
0 0.746941
-0.0434219 0.0133411
-0.039765 0.010383
-0.0178707 0.0234112
0 0.746941
0 0.746941
0 0.746941
0 0.746941
0 0.746941
0 0.746941
0 0.746941
0 0.746941
0 0.746941
0 0.746941
-0.0406136 0.0118236
-0.0248105 0.00980379
-0.0457544 0.0252773
0 0.746941
0 0.746941
0 0.746941
0 0.746941
0 0.746941
0 0.746941
0 0.746941
0 0.746941
0 0.746941
0.00155619 0.0144786
-0.0148347 0.010668
-0.0507341 0.015642
0 0.746941
0 0.746941
0 0.746941
0 0.746941
0 0.746941
0 0.746941
0 0.746941
0 0.746941
-0.0217942 0.0122021
-0.0398284 0.0107219
-0.0428412 0.017069
0 0.746941
0 0.746941
0 0.746941
0 0.746941
0 0.746941
0 0.746941
0 0.746941
-0.0222201 0.0165158
-0.0418523 0.00907437
-0.031863 0.0189814
0 0.746941
0 0.746941
0 0.746941
0 0.746941
0 0.746941
0 0.746941
-0.0733813 0.0143921
-0.0525781 0.0104644
-0.0872968 0.0174984
0 0.746941
0 0.746941
0 0.746941
0 0.746941
0 0.746941
-0.0461121 0.0141305
-0.0443617 0.0101621
-0.0433692 0.0170734
0 0.746941
0 0.746941
0 0.746941
0 0.746941
-0.0585647 0.0145012
-0.0626828 0.0104075
-0.075456 0.0210383
0 0.746941
0 0.746941
0 0.746941
-0.0985864 0.0152545
-0.107852 0.0114192
-0.0702499 0.0249544
0 0.746941
0 0.746941
-0.113068 0.0172588
-0.0810946 0.0113356
-0.0997181 0.0245792
0 0.746941
-0.115237 0.0164394
-0.0929373 0.0115026
-0.104287 0.027405
-0.100059 0.0165692
-0.11927 0.0118712
-0.126685 0.0180639
