-0.00148159 0.001403
-0.103526 0.00804484
-0.0558375 0.0075723
-0.00216723 0.00138652
-0.0802065 0.00647367
-0.0154416 0.00663141
-0.0197826 0.00652794
-0.0208012 0.00620779
-0.0262728 0.00611033
-0.0159728 0.00639496
-0.000485655 0.00584
-0.0160087 0.00645901
-0.0241794 0.00631024
-0.00407546 0.00647235
-0.016496 0.00635698
-0.0179619 0.00635159
-0.0377894 0.00622769
-0.0175803 0.00635327
-0.0302111 0.00652482
-0.0471786 0.00688242
-0.0575647 0.00745339
-0.0442417 0.00773758
-0.0537497 0.00860283
-0.0809318 0.0105917
