-0.165805 0.0066918
-0.125056 0.00503391
-0.126393 0.00492551
-0.117639 0.00449346
-0.120361 0.0050567
-0.114998 0.00514325
0.0210954 0.0108066
-0.103095 0.0051311
0.373492 0.821181
-0.0988586 0.00564775
-0.0981078 0.00579425
-0.0952953 0.00672543
-0.0937098 0.0085329
-0.0679516 0.0100144
-0.0547453 0.0243886
0.451314 0.796756
0 0.00141421
0 0.746941
0 0.746941
0 0.746941
0 0.746941
0 0.746941
0 0.746941
0 0.746941
0.35737 0.0175838
-0.101152 0.00449782
-0.103101 0.00476868
-0.117179 0.00499975
-0.0910954 0.00480814
-0.0780875 0.00481289
-0.0694633 0.00482647
-0.0887219 0.0055224
-0.0771495 0.00536299
-0.0719132 0.00520549
-0.070535 0.00693992
-0.0937206 0.00694553
-0.0607376 0.00808965
-0.059562 0.0100257
-0.0433796 0.0188672
0.302591 0.568885
0 0.746941
0 0.746941
0 0.746941
0 0.746941
0 0.746941
0 0.746941
0 0.746941
-0.0961039 0.00696212
-0.0976598 0.00468303
-0.099145 0.00447449
-0.0823558 0.0048687
-0.0659563 0.00483872
-0.0637121 0.00464728
-0.0786849 0.00548538
-0.0626743 0.00505885
-0.0558264 0.00572422
-0.0623573 0.00547945
-0.075415 0.00608422
-0.0497273 0.00701865
-0.0406355 0.00767034
-0.0437633 0.0102537
-0.0412136 0.019549
0.0109876 0.0500117
0 0.746941
0 0.746941
0 0.746941
0 0.746941
0 0.746941
0 0.746941
-0.0836326 0.00610548
-0.102394 0.00470798
-0.0807881 0.00495468
-0.0740612 0.00476538
-0.0712241 0.00470395
-0.0729449 0.00470147
-0.0636738 0.00448224
-0.0471983 0.00566824
-0.0691213 0.00506068
-0.068849 0.00536984
-0.0566337 0.00609564
-0.0592671 0.00760792
-0.0473561 0.00875089
-0.0998027 0.0101434
-0.059728 0.0163178
0 0.746941
0 0.746941
0 0.746941
0 0.746941
0 0.746941
0 0.746941
-0.0113342 0.740573
-0.0785477 0.00462003
-0.0819448 0.00466603
-0.0817096 0.00450905
-0.0849841 0.00470601
-0.0633009 0.00516056
-0.065173 0.00510646
-0.0659678 0.00499684
-0.0867893 0.005838
-0.070562 0.00581865
-0.0635439 0.00574497
-0.0606128 0.00700003
-0.0848495 0.00865457
-0.052489 0.0105569
-0.0215241 0.0316561
0.116267 0.0580117
0 0.746941
0 0.746941
0 0.746941
0 0.746941
-0.0608268 0.00639404
-0.061709 0.00482736
-0.0444849 0.00497071
-0.0556886 0.00475895
-0.0395995 0.00496519
-0.0290157 0.0046094
-0.0481708 0.00486819
-0.050685 0.00507564
-0.0387137 0.0054174
-0.0398433 0.00595012
-0.0256198 0.00626461
-0.0721834 0.00754939
-0.0334352 0.00758787
-0.0676389 0.00876132
0.000292989 0.0172968
0.447952 0.579345
0 0.746941
0 0.746941
0 0.746941
-0.0596202 0.00652478
-0.0442761 0.00461041
-0.046876 0.00442041
-0.0446389 0.00480711
-0.0290841 0.00462747
-0.0394727 0.00507917
-0.0511193 0.005066
-0.0376674 0.00490737
-0.0387456 0.00498178
-0.0259091 0.00570608
-0.0823405 0.00601254
-0.0453269 0.00640045
-0.0274048 0.00773189
-0.0437392 0.0102405
0.000955971 0.0319289
-0.000725909 0.0436534
0 0.746941
0 0.746941
-0.037029 0.00644034
-0.0412082 0.00436426
-0.0258945 0.00490687
-0.0286122 0.00441447
-0.0395218 0.00483372
-0.0364596 0.00489088
-0.0264391 0.00525279
-0.0355078 0.00514762
-0.0280214 0.00500746
-0.0503003 0.00512956
-0.0415691 0.00685688
-0.0566956 0.00654912
-0.033474 0.00818914
-0.0497297 0.0105292
-0.0400475 0.0184816
-0.0209868 0.042745
0 0.746941
-0.0519833 0.00630643
-0.0437252 0.00477001
-0.0386375 0.00454199
-0.0417507 0.00433584
-0.0559823 0.00465533
-0.0427063 0.00501033
-0.0424048 0.00483667
-0.0299809 0.00541607
-0.0597503 0.00529904
-0.0439282 0.00584374
-0.055776 0.00621727
-0.0574548 0.00636584
-0.0844722 0.00787347
-0.0410978 0.0111682
0.00550934 0.0310188
0.0489054 0.059873
-0.0319924 0.00644445
-0.0198868 0.0046565
-0.0299147 0.00482539
-0.0440441 0.00506831
-0.0286826 0.00485206
-0.0338179 0.00505461
-0.0240234 0.00503825
-0.0611568 0.00474415
-0.0422519 0.00521197
-0.0447425 0.00558667
-0.0575047 0.00600048
-0.0569815 0.00778221
-0.0579267 0.00777542
-0.0305614 0.0122699
-0.0692761 0.0230571
-0.0171267 0.00635531
-0.0339408 0.00484105
-0.030183 0.00475061
-0.0172242 0.00471394
-0.0193353 0.00487689
-0.00793443 0.00532606
-0.0467919 0.00479857
-0.0314582 0.00486121
-0.0295793 0.00525414
-0.0414065 0.00546429
-0.0585052 0.00560597
-0.0494533 0.00714125
-0.0560591 0.00833709
-0.0680985 0.0104667
-0.0386799 0.00649606
-0.0422782 0.00468014
-0.0162235 0.0046844
-0.0340428 0.00458796
-0.0212997 0.00487562
-0.0582996 0.00482076
-0.037482 0.00494693
-0.0434533 0.00533841
-0.0526641 0.00569358
-0.0733366 0.00531649
-0.055421 0.00579293
-0.0522267 0.00685856
-0.0823687 0.00822349
-0.0529799 0.00683349
-0.0357173 0.00447891
-0.0403662 0.00485058
-0.0306014 0.00462635
-0.0636413 0.00421247
-0.0433028 0.00473535
-0.0445938 0.00505748
-0.0485063 0.00477116
-0.0721943 0.00548129
-0.0629854 0.00571884
-0.0579233 0.00627024
-0.089232 0.00611322
-0.0162348 0.00692963
-0.0273928 0.0045055
-0.0275986 0.00441425
-0.0400453 0.00453935
-0.0303187 0.00462662
-0.040725 0.0048035
-0.0385057 0.00475299
-0.0642127 0.00516741
-0.0588612 0.00539062
-0.0513772 0.00625752
-0.0733665 0.00602589
-0.0270818 0.00675655
-0.029473 0.00468869
-0.0559874 0.00463272
-0.0286494 0.00503661
-0.0455562 0.00453688
-0.0383498 0.00483983
-0.0731412 0.00494253
-0.05289 0.00513366
-0.0563328 0.00527306
-0.0787501 0.00540048
-0.01874 0.00692724
-0.0489646 0.00458297
-0.0352271 0.00466916
-0.0396017 0.00458238
-0.0471172 0.00472866
-0.0583542 0.00500212
-0.0508925 0.0049108
-0.0624203 0.00514132
-0.0896859 0.00497512
-0.097508 0.00611878
-0.0565471 0.00452623
-0.075897 0.00447754
-0.0779624 0.00442084
-0.0921014 0.00507334
-0.0906841 0.00485711
-0.0900327 0.00519857
-0.103122 0.00498005
-0.044707 0.00656471
-0.0534922 0.00480403
-0.0544184 0.00454045
-0.0810225 0.00474749
-0.0676382 0.00482573
-0.0724767 0.00481126
-0.101028 0.00504176
-0.054444 0.00676376
-0.0630537 0.00496071
-0.0919905 0.00446718
-0.0776548 0.00452307
-0.0763956 0.00482488
-0.101629 0.0050366
-0.0702923 0.00722127
-0.0936814 0.0046375
-0.0840642 0.00462624
-0.0861754 0.00502568
-0.107278 0.00484318
-0.102822 0.00658548
-0.100905 0.00516805
-0.0966272 0.00499266
-0.0267309 0.731143
-0.0947889 0.00641065
-0.100153 0.00492733
0.380646 0.824016
-0.099432 0.0072983
-0.229206 0.747185
0.483533 0.77132
