-0.0336499 0.00107155
-0.0562974 0.00146931
-0.0501617 0.00137053
-0.0519816 0.00130049
-0.0558455 0.00130184
-0.0316736 0.00124009
-0.0239296 0.00120673
-0.020274 0.00114544
-0.0268504 0.00115107
-0.017808 0.00112203
-0.00884333 0.00108736
-0.0174874 0.00108555
-0.0240793 0.00108137
-0.00974377 0.00109085
-0.013343 0.00110888
-0.00884629 0.00113515
-0.0252803 0.000883403
-0.0222674 0.0011864
-0.0308881 0.00121824
-0.0346248 0.00125846
-0.0566747 0.00138078
-0.0479691 0.00142955
-0.0490077 0.00154708
-0.0716614 0.00180771
