-5.71207e-05 0.00137176
-0.00517333 0.00424756
0.0060105 0.00383002
-0.00020104 0.00132138
-0.000683926 0.00345522
0.000340831 0.00362524
0.00765021 0.00365701
0.00752843 0.0034678
-0.00484451 0.00342982
0.00585846 0.00350417
0.00108349 0.00336041
0.00286057 0.00362605
0.00664496 0.00363274
0.003019 0.00361042
0.00556018 0.00351187
0.00449149 0.00346814
0.00891078 0.00344103
0.00236613 0.00355286
0.00108709 0.00370264
0.00214737 0.00368845
0.00057091 0.00394353
0.00237241 0.00388668
0.00380512 0.00424451
-0.00183624 0.00516646
