0.0045322 0.00889879
-0.00924071 0.00721621
0.00419794 0.0135894
0 0.00141421
0 0.746941
0 0.746941
0 0.746941
0 0.746941
0 0.746941
0 0.746941
0 0.746941
0 0.746941
0 0.746941
0 0.746941
0 0.746941
0 0.746941
0 0.746941
0 0.746941
0 0.746941
0 0.746941
0 0.746941
0 0.746941
0 0.746941
0 0.746941
0.0021342 0.0100273
0.00212888 0.00640037
-0.00810268 0.00998149
0 0.746941
0 0.746941
0 0.746941
0 0.746941
0 0.746941
0 0.746941
0 0.746941
0 0.746941
0 0.746941
0 0.746941
0 0.746941
0 0.746941
0 0.746941
0 0.746941
0 0.746941
0 0.746941
0 0.746941
0 0.746941
0 0.746941
0 0.746941
0.0121141 0.010079
0.00582981 0.00608441
-0.000736971 0.00857542
0 0.746941
0 0.746941
0 0.746941
0 0.746941
0 0.746941
0 0.746941
0 0.746941
0 0.746941
0 0.746941
0 0.746941
0 0.746941
0 0.746941
0 0.746941
0 0.746941
0 0.746941
0 0.746941
0 0.746941
0 0.746941
0 0.746941
-0.00475704 0.00919152
-0.00216847 0.00596095
0.00164739 0.0096006
0 0.746941
0 0.746941
0 0.746941
0 0.746941
0 0.746941
0 0.746941
0 0.746941
0 0.746941
0 0.746941
0 0.746941
0 0.746941
0 0.746941
0 0.746941
0 0.746941
0 0.746941
0 0.746941
0 0.746941
0 0.746941
0.00252559 0.00807052
0.00288162 0.00547009
0.00223254 0.0110893
0 0.746941
0 0.746941
0 0.746941
0 0.746941
0 0.746941
0 0.746941
0 0.746941
0 0.746941
0 0.746941
0 0.746941
0 0.746941
0 0.746941
0 0.746941
0 0.746941
0 0.746941
0 0.746941
0 0.746941
0.00786214 0.0092535
0.000276658 0.00554111
0.0122613 0.0105719
0 0.746941
0 0.746941
0 0.746941
0 0.746941
0 0.746941
0 0.746941
0 0.746941
0 0.746941
0 0.746941
0 0.746941
0 0.746941
0 0.746941
0 0.746941
0 0.746941
0 0.746941
0 0.746941
0.0157349 0.00864717
0.0176075 0.00593221
0.0143071 0.0100948
0 0.746941
0 0.746941
0 0.746941
0 0.746941
0 0.746941
0 0.746941
0 0.746941
0 0.746941
0 0.746941
0 0.746941
0 0.746941
0 0.746941
0 0.746941
0 0.746941
0 0.746941
0.00712345 0.00833981
-0.000829469 0.005461
0.0142596 0.00748607
0 0.746941
0 0.746941
0 0.746941
0 0.746941
0 0.746941
0 0.746941
0 0.746941
0 0.746941
0 0.746941
0 0.746941
0 0.746941
0 0.746941
0 0.746941
0 0.746941
-0.0106067 0.00802162
0.000773147 0.00628781
0.00211877 0.00765189
0 0.746941
0 0.746941
0 0.746941
0 0.746941
0 0.746941
0 0.746941
0 0.746941
0 0.746941
0 0.746941
0 0.746941
0 0.746941
0 0.746941
0 0.746941
-0.0208959 0.00912574
0.0139611 0.0053624
0.0183073 0.0118549
0.0121066 0.033394
0 0.746941
0 0.746941
0 0.746941
0 0.746941
0 0.746941
0 0.746941
0 0.746941
0 0.746941
0 0.746941
0 0.746941
0 0.746941
-0.0133643 0.00674458
0.000905252 0.00556862
0.0196644 0.0129548
0 0.746941
0 0.746941
0 0.746941
0 0.746941
0 0.746941
0 0.746941
0 0.746941
0 0.746941
0 0.746941
0 0.746941
0 0.746941
-0.00593238 0.0078157
0.0116094 0.00558633
0.0196152 0.0113621
0 0.746941
0 0.746941
0 0.746941
0 0.746941
0 0.746941
0 0.746941
0 0.746941
0 0.746941
0 0.746941
0 0.746941
0.0154635 0.00688473
-0.00143305 0.00607491
0.00844652 0.0126959
0 0.746941
0 0.746941
0 0.746941
0 0.746941
0 0.746941
0 0.746941
0 0.746941
0 0.746941
0 0.746941
0.0109544 0.00835401
0.0143466 0.00578526
0.00117589 0.00831485
0 0.746941
0 0.746941
0 0.746941
0 0.746941
0 0.746941
0 0.746941
0 0.746941
0 0.746941
-0.0061501 0.00744366
0.0118395 0.00582331
0.0152054 0.00865131
0 0.746941
0 0.746941
0 0.746941
0 0.746941
0 0.746941
0 0.746941
0 0.746941
-0.00263771 0.00921728
0.00935788 0.0050351
0.0362424 0.0101989
0 0.746941
0 0.746941
0 0.746941
0 0.746941
0 0.746941
0 0.746941
0.0128475 0.0081208
0.00964023 0.0058137
0.0242627 0.0101396
0 0.746941
0 0.746941
0 0.746941
0 0.746941
0 0.746941
-0.000901311 0.00857548
-0.00288646 0.00595962
0.00374715 0.00832201
0 0.746941
0 0.746941
0 0.746941
0 0.746941
0.00919686 0.00861901
0.00223551 0.00570459
-0.00366167 0.0117267
0 0.746941
0 0.746941
0 0.746941
-0.00191201 0.00887192
0.00490179 0.00629392
0.00925863 0.0111251
0 0.746941
0 0.746941
0.0148408 0.00966088
-0.000296513 0.00587252
-0.00482086 0.0110468
0 0.746941
0.00481197 0.00890681
0.00788596 0.00654146
-0.000961178 0.0100115
0.00339712 0.00763521
0.00393466 0.00679502
-0.00401116 0.00886022
