0.0202754 0.00393385
0.00132967 0.00248641
0.0234251 0.00263895
-0.0014574 0.00311958
0.0200299 0.00423868
0.023407 0.0105439
0 0.00141421
0 0.746941
-0.0156485 0.00343903
0.00101349 0.00262396
-0.0182699 0.00250638
-8.38311e-06 0.00318047
-0.0096881 0.00400576
0.00368456 0.00855283
0 0.746941
0.019162 0.00349056
0.000362595 0.00254767
0.0207428 0.00274273
-0.002662 0.00306199
0.0221268 0.00421865
0.0242836 0.0106549
-0.0163702 0.00344341
-0.00488804 0.00263293
-0.0127103 0.00270342
0.00252325 0.00335286
-0.018135 0.00412741
0.0190188 0.00364138
-3.98508e-05 0.00258355
0.022284 0.00262877
0.00407024 0.00329538
-0.0166021 0.00348403
0.00174718 0.00272444
-0.0193349 0.00267971
0.0181248 0.0038518
0.00129908 0.00269715
-0.0265491 0.00341746
