0.0237513 0.00473412
0.00225793 0.00323085
0.018386 0.00302787
0.00183208 0.00364993
0.0207785 0.00377876
-0.0022447 0.00519182
0.0355164 0.00974579
0 0.00141421
0 0.746941
0 0.746941
-0.0203603 0.0039937
0.00252959 0.00319855
-0.0144688 0.00317077
-0.00213629 0.00335535
-0.0193742 0.00399733
0.00439297 0.00514357
-0.0108118 0.00807147
0 0.746941
0 0.746941
0.023601 0.00459291
-0.00286836 0.00297349
0.0206025 0.0031958
-0.00128777 0.00354007
0.024583 0.00394861
0.00140847 0.00485197
0.0317536 0.0103965
0 0.746941
-0.0201575 0.00452467
-0.00186853 0.00311455
-0.02042 0.00319657
-0.00267589 0.00363828
-0.0189917 0.00430381
-0.00621242 0.00501365
-0.00134785 0.0110293
0.0240878 0.00426561
-0.00592416 0.00323839
0.0275089 0.00328891
0.00675724 0.00352657
0.0196069 0.0045885
0.000765934 0.00487438
-0.0227185 0.00437487
-0.000211118 0.00306269
-0.0171225 0.00316981
0.00152191 0.00350201
-0.0138521 0.00408367
0.0159573 0.00444298
0.00159959 0.00329237
0.0211271 0.00334859
0.00259128 0.00336266
-0.0192266 0.00446917
-1.58871e-05 0.00334697
-0.0205244 0.00333627
0.017959 0.00443655
-0.0043217 0.00336512
-0.0241625 0.00433088
