-0.000664794 0.00229468
0.00157631 0.00215715
-0.000800257 0.00209119
0.000483597 0.00191697
0.00212791 0.00190023
-1.65309e-05 0.00183772
0.001868 0.00183159
-0.000903292 0.00170354
-0.00166525 0.00177769
-0.00166356 0.00175746
-0.00135931 0.00170331
0.00153839 0.00167353
-0.00082671 0.00167112
-0.00274949 0.00171183
-0.000166364 0.00178937
0.0024965 0.00175414
0.000352847 0.00173524
0.000260107 0.00192015
0.00276086 0.00185797
0.00122573 0.00200058
-0.00212829 0.00210465
-0.00273442 0.00213168
-0.000106521 0.00217306
-0.00123575 0.00231246
