0.00920277 0.0892551
0.00489282 0.251205
0.0138605 0.731469
0.00896802 0.255761
0.0168118 0.320776
0.00713447 0.00805739
0.00527124 0.0134897
0.0125092 0.301869
0.0229211 0.281458
-0.00185084 0.724315
0.0112989 0.268859
-0.0160482 0.0126104
0.0168635 0.014752
0.0480031 0.0272642
0 0.74071
0 0.74071
0 0.74071
0 0.74071
0 0.74071
0 0.74071
0 0.74071
0 0.74071
-0.000924214 0.720402
0.000306542 0.730215
-0.0210381 0.00675254
-0.00970533 0.406596
-0.0134562 0.723099
0.00145875 0.721153
-0.0134739 0.708356
-0.001491 0.729295
-0.0168414 0.724751
0.00182728 0.730285
-0.0119569 0.342163
0.00816537 0.0122286
-0.0127015 0.0140019
0.0452704 0.0270548
0.187304 0.042479
0 0.74071
0 0.74071
0 0.74071
0 0.74071
0 0.74071
0 0.74071
0.0225508 0.0428975
0.00560882 0.0201657
0.0217228 0.00580924
-0.00294006 0.726024
0.0251871 0.386812
0.00453258 0.14036
0.0157264 0.020672
-0.0213008 0.71043
0.0234517 0.0690276
-0.0139944 0.0561773
0.0145472 0.725766
0.0104249 0.187893
0.0261028 0.0198297
0.0136692 0.0192512
0 0.74071
0 0.74071
0 0.74071
0 0.74071
0 0.74071
0 0.74071
-0.024994 0.139083
-0.00673806 0.00632127
-0.0134357 0.378808
0.000827111 0.730292
-0.00814255 0.38451
0.00971094 0.315991
-0.0203008 0.198064
0.00458509 0.176052
-0.0232023 0.213798
0.0012777 0.710708
-0.0147142 0.363216
0.0162086 0.0206747
-0.0101495 0.0124977
0.0210676 0.0238485
0 0.74071
0 0.74071
0 0.74071
0 0.74071
0 0.74071
0.0189873 0.0213285
0.01562 0.341192
0.020527 0.351507
-0.00663359 0.00868824
0.0245426 0.171001
-0.00112385 0.00640248
0.0114093 0.0075147
0.000275684 0.730548
0.0169818 0.324709
0.021637 0.25373
0.020575 0.731877
0.00502849 0.357961
0.022145 0.0123657
0.00809531 0.0204767
0 0.74071
0 0.74071
0 0.74071
0 0.74071
-0.0138043 0.390393
-0.00530096 0.0129299
-0.0195657 0.343415
0.0138838 0.0115949
-0.0111635 0.0120523
-0.00397834 0.716055
-0.0201496 0.00991697
-0.000515928 0.725746
-0.0172947 0.72345
0.00455009 0.726762
-0.0176819 0.251875
-0.0052407 0.0121664
-0.0143231 0.0125444
0.00249415 0.0231642
0.169649 0.0420502
0 0.74071
0 0.74071
0.0190385 0.715351
-0.0107253 0.00950917
0.016001 0.00795285
-0.00203895 0.00955551
0.0291861 0.0207221
0.00474698 0.720788
0.0201112 0.385241
-0.00920164 0.416165
0.0110718 0.0120008
-0.00256443 0.724095
0.0202494 0.116628
0.0217214 0.0124412
0.0171992 0.0132382
0.040973 0.0205955
0 0.74071
0 0.74071
-0.00808606 0.401998
-0.00842306 0.39455
-0.0254278 0.341996
0.00161717 0.00631969
-0.0185296 0.00648942
0.00481258 0.721127
-0.0208092 0.303087
0.00219659 0.729595
-0.0323299 0.0798581
0.00989485 0.346578
-0.0249458 0.0593109
-0.000810138 0.730147
-0.0329503 0.0152186
0.0396182 0.0242184
0 0.74071
0.0229302 0.736155
0.00296866 0.726564
0.0187891 0.736106
-0.0032032 0.00971787
0.0108178 0.367389
-0.00178579 0.720517
0.0228325 0.716674
0.011937 0.157697
0.0175391 0.265262
-0.00139547 0.30707
0.00833815 0.412367
-0.00570219 0.0120935
0.0112494 0.0119376
0.0116055 0.0213066
-0.00909676 0.346191
0.00132686 0.00633183
-0.032475 0.0999091
-0.0041384 0.0470392
-0.015275 0.713976
0.0143308 0.404377
-0.0219434 0.23936
-0.00481318 0.36638
-0.0173999 0.0949982
0.00368973 0.712695
-0.00980791 0.727535
-0.00252031 0.0141763
-0.0223318 0.0116954
0.0208095 0.354355
-0.00605475 0.398622
0.024149 0.380165
-0.00195009 0.297905
0.033811 0.00900725
0.00318214 0.00819933
0.030868 0.021054
0.0097532 0.194013
0.0188496 0.080393
-0.00647301 0.392693
0.0253989 0.736148
0.0110904 0.1728
-0.0215275 0.723334
-0.0058616 0.0125797
-0.0263899 0.137287
0.00725412 0.00801295
-0.0199489 0.167767
0.0101776 0.01078
-0.00411473 0.419048
0.0051353 0.420406
-0.0127808 0.200274
0.00145992 0.725606
-0.0138986 0.351185
0.0296165 0.012714
0.00654871 0.340416
0.0127601 0.167921
-0.0089184 0.00828623
0.0206723 0.723535
0.00400038 0.727952
0.0159076 0.729739
-0.00489405 0.724547
0.0217124 0.220682
0.021854 0.204866
-0.0193656 0.0114654
-0.00668028 0.0580558
-0.0167542 0.719757
-0.00172008 0.00644563
-0.024809 0.00667686
-0.0102565 0.0560949
-0.0177792 0.721629
1.60005e-05 0.730743
-0.0146693 0.725868
0.0173324 0.717429
0.00674908 0.00891542
0.0256935 0.317808
-0.0025911 0.715355
0.0192765 0.28851
0.0085311 0.715468
0.0269581 0.393641
0.000794639 0.0771004
-0.0190194 0.159753
0.00220528 0.00994047
-0.00742185 0.709953
0.0062019 0.020519
-0.0139959 0.723032
-0.0115719 0.0204684
-0.0177034 0.415029
0.0224412 0.0377881
-0.00356024 0.258512
0.0188406 0.116215
-0.010833 0.723396
0.0249957 0.0209565
-0.00761981 0.410803
-0.02584 0.0137683
-0.00405031 0.00619872
-0.0137855 0.329465
0.0071642 0.0776723
-0.0207005 0.275328
0.0220581 0.722865
-0.00535904 0.388534
0.0227944 0.395564
0.00123924 0.730785
-0.0151368 0.288773
-0.00877156 0.718823
-0.0308338 0.0055305
0.0148634 0.385431
-0.0072735 0.00634197
-0.013899 0.0118374
