0.0154042 0.00656592
0.00269565 0.00473429
0.0240324 0.00488312
-0.00117346 0.00406361
0.021496 0.00508795
-0.00153734 0.00530507
0.0199189 0.00635305
-0.00141014 0.00737255
0.0412942 0.011812
0.0413953 0.0241346
0 0.746941
0 0.746941
0 0.746941
0 0.746941
-0.0154438 0.0065721
0.00162285 0.00396538
-0.0185279 0.00492913
0.0022625 0.00454342
-0.0234423 0.00511808
0.00251177 0.00538907
-0.0218268 0.00655411
0.00299454 0.00693049
-0.00823142 0.0105834
0.0265207 0.0400713
0 0.746941
0 0.746941
0 0.746941
0.0177154 0.00636673
0.00965106 0.00462393
0.025984 0.00459023
0.00734464 0.00443483
0.0133726 0.00445158
-0.00426493 0.00554824
0.0201935 0.00676094
0.0077678 0.00742616
0.0227283 0.00947434
0.0234323 0.0339298
0 0.746941
0 0.746941
-0.0219466 0.00700798
-0.00449611 0.00427824
-0.0131122 0.00459376
0.000869195 0.00413084
-0.0180467 0.00467251
0.00221973 0.0053676
-0.0154565 0.00626978
0.00266574 0.0064507
-0.00606422 0.0118622
0.191491 0.0404477
0 0.746941
0.0137374 0.00611006
-0.00340269 0.00424806
0.0214177 0.00495591
0.00501201 0.00445238
0.01547 0.00491364
-0.005238 0.00508121
0.0265611 0.00687636
0.00321051 0.00769184
0.0375498 0.0118956
0.0407838 0.0462219
-0.00896095 0.00614642
-0.00165167 0.00441365
-0.023285 0.0050587
-0.00521607 0.00483049
-0.0164931 0.00536952
-0.00158185 0.00536756
-0.0315001 0.00691336
-0.00250274 0.00780697
-0.0193584 0.0109121
0.0178963 0.00584932
-0.00334026 0.00470477
0.0239981 0.00487559
0.00537282 0.0043707
0.0336243 0.0052378
-0.00283403 0.00581129
0.0184143 0.00611183
0.00649464 0.00737441
-0.0224454 0.0065403
-0.00261252 0.00424637
-0.0218301 0.00471874
0.0104259 0.00448266
-0.01969 0.00491098
2.11881e-05 0.006177
-0.0131769 0.00619428
0.0249838 0.00761159
-0.00263223 0.00453202
0.0152629 0.00461504
-0.000215747 0.00439646
0.0179052 0.00516781
0.00790349 0.0049948
-0.015777 0.00596013
0.00398137 0.00441022
-0.014452 0.00519038
0.00411487 0.00453386
-0.0193537 0.00489989
0.0156784 0.00676109
0.00238754 0.00490951
0.0133436 0.00488065
0.000602817 0.00468652
-0.0247587 0.0073158
0.0031429 0.00443179
-0.0214282 0.00579175
0.0230576 0.00688318
-0.00836803 0.00411196
-0.0245906 0.00742566
