0.0126586 0.0120669
0.00602263 0.00721775
0.00498716 0.00904899
0.00829985 0.00720443
0.0396174 0.010024
-0.00708674 0.0067017
0.020763 0.00667038
0.00481102 0.0087748
0.0175496 0.00827681
0.0115069 0.00957272
0.0101 0.0119261
-0.00464477 0.0113388
0.000809388 0.0128703
-0.00206238 0.0137532
0.0473385 0.0373435
0.0569977 0.0368666
0 0.746941
0 0.746941
0 0.746941
0 0.746941
0 0.746941
0 0.746941
0 0.746941
0 0.746941
-0.0168858 0.0128538
0.00611567 0.0075764
-0.0190872 0.00825874
0.000691433 0.00789425
-0.0252516 0.00797783
0.0115262 0.0080684
-0.0152586 0.00737181
0.00767062 0.00926526
-0.031558 0.00950933
0.0023705 0.0081829
-0.0231796 0.0108837
0.000888354 0.0109816
-0.00570623 0.0130272
0.0105091 0.0126741
0.0172896 0.0214403
0 0.746941
0 0.746941
0 0.746941
0 0.746941
0 0.746941
0 0.746941
0 0.746941
0 0.746941
0.0229041 0.0141879
-0.000249643 0.00712755
0.0228078 0.00653534
-0.00221962 0.0083106
0.0236337 0.00825542
-0.00460289 0.00700421
0.0302163 0.00884153
-0.00331128 0.00745047
0.0152994 0.0108603
0.00747873 0.00915312
0.0159575 0.0103253
-0.0122417 0.0114781
0.0283748 0.0122651
0.0172117 0.0152946
0.0122046 0.0225189
0.0886554 0.0556044
0 0.746941
0 0.746941
0 0.746941
0 0.746941
0 0.746941
0 0.746941
-0.0130145 0.00864646
-0.00574715 0.00665869
-0.0114779 0.0083257
0.00352483 0.00801987
-0.0162127 0.007974
-0.00102631 0.00815505
-0.0197999 0.00802478
-0.00204423 0.00810329
-0.0144865 0.00762182
-0.0107233 0.00909449
-0.0187116 0.00996412
-0.00103811 0.0126511
-0.00535989 0.0129541
0.0123029 0.0118854
-0.0132136 0.0290764
0 0.746941
0 0.746941
0 0.746941
0 0.746941
0 0.746941
0 0.746941
0.0149761 0.0133129
0.0105995 0.0077177
0.0325818 0.00941003
0.00696107 0.0061221
0.029675 0.0092696
0.00838346 0.00740321
0.0124581 0.0078731
-0.00699801 0.00814464
0.0273892 0.0107017
-0.0072773 0.00912062
0.0298199 0.0114961
0.0049469 0.0107846
0.0186415 0.0125275
0.00324362 0.0102987
0.0223923 0.0198341
0.0236558 0.0335097
0 0.746941
0 0.746941
0 0.746941
0 0.746941
-0.0102926 0.0100793
-0.010595 0.0084242
-0.0263124 0.00768639
-0.0116218 0.00836791
-0.00415296 0.00818293
-9.98395e-05 0.00669659
-0.0212116 0.00776779
0.00236701 0.00895588
-0.02594 0.00895131
0.00978253 0.00914827
0.0102701 0.0103643
0.0117697 0.0106013
-0.0182406 0.0128525
0.00142887 0.0119754
-0.0242579 0.0206309
0.0408939 0.040266
0 0.746941
0 0.746941
0 0.746941
0.0231821 0.0117145
0.00390887 0.00658179
0.0227133 0.00799777
0.00407882 0.00742904
0.0283143 0.00750725
0.00697412 0.00984594
0.0225518 0.00798812
0.000661871 0.0077237
0.0215094 0.0105607
-0.00954906 0.00981129
0.0112264 0.00880257
-0.00338596 0.00968998
0.0243975 0.0115208
0.0232113 0.0176601
0.0952233 0.0314121
0 0.746941
0 0.746941
0 0.746941
-0.0260217 0.0123726
-0.00815223 0.0068658
-0.0179625 0.00856068
-0.000760469 0.00701977
-0.00643365 0.00794829
-0.00852675 0.00752193
-0.00758004 0.00930847
-0.00873914 0.00969734
-0.0183658 0.00816684
-0.00847053 0.00820976
-0.0225466 0.0118219
-0.000434516 0.0103817
-0.0149599 0.0135616
-0.00835223 0.0147421
0.0119208 0.0156712
0.122494 0.04339
0 0.746941
0.0188867 0.0121614
-0.00801133 0.00707347
0.00934947 0.00762493
-0.00663783 0.00716182
0.0289273 0.00774628
-8.78126e-05 0.00772839
0.0221911 0.00823862
0.00637149 0.00915465
0.01302 0.00945392
0.00807102 0.00999151
0.0347974 0.011382
-0.0171281 0.0111869
0.0145552 0.0109379
0.00939691 0.0186619
0.0286474 0.0265332
0.0441188 0.0459838
-0.0120677 0.00954342
0.0114321 0.00826273
-0.0213948 0.00850323
-0.00916288 0.00721253
-0.0216831 0.00928635
-0.0200727 0.00981139
-0.0194949 0.0101036
0.00701347 0.0083779
-0.0297639 0.0113573
0.00973373 0.00943674
-0.0211713 0.010651
-0.00924918 0.012316
-0.0251463 0.0133347
-0.00924829 0.0129876
-0.0240865 0.0250454
0.0229152 0.00951414
-0.00566054 0.0071532
0.0147009 0.00816542
-0.0111543 0.00730892
0.0304422 0.00858451
0.01236 0.0085674
0.0181374 0.00910106
0.00201655 0.00827754
0.0257998 0.0104926
-0.00186427 0.00946654
0.0225978 0.0116168
0.0143737 0.0107336
0.0130573 0.016864
-0.00757965 0.012254
-0.0100088 0.00951816
-0.00872488 0.0082761
-0.0116755 0.00791835
-0.00899147 0.00724511
0.00481866 0.00702679
-9.83048e-05 0.00660004
-0.00418756 0.00715225
0.0155543 0.00820907
-0.0326681 0.0151133
-0.00368121 0.00965438
-0.0225058 0.0112906
0.00402516 0.0108723
-0.00337068 0.0107527
0.0212995 0.0102593
-0.012707 0.00717889
0.017471 0.00723693
0.00277737 0.00743324
0.0246402 0.00711595
0.00297483 0.00778887
0.0405587 0.00935408
0.00280364 0.00776885
0.0371063 0.0113056
0.00702306 0.0101432
0.0245402 0.0098745
-0.00222993 0.0105426
0.0121082 0.0136111
0.00309681 0.00784303
-0.0239498 0.00835524
-0.00580025 0.00741144
-0.0195999 0.00775198
-0.000289458 0.00768143
-0.0235782 0.00820462
-0.00869957 0.00806734
-0.0306347 0.0109683
0.00260479 0.00994785
-0.000262246 0.0105866
0.0224171 0.0147788
-0.00575024 0.00812095
0.0199197 0.00856001
0.00391142 0.00968683
0.018053 0.0069217
0.00639364 0.00755803
0.0169346 0.00773828
0.0013322 0.00841871
0.0284598 0.0101553
0.00631963 0.00980379
-0.0302988 0.0135635
0.00177826 0.00623179
-0.0139383 0.00867242
-0.00810081 0.00787251
-0.0205642 0.00985641
-0.00576176 0.00751232
-0.0147251 0.00858291
0.0102797 0.00690333
-0.0217789 0.00857255
0.0284797 0.0107138
0.00472985 0.00767094
0.0259 0.00865723
0.0106975 0.00761399
0.0302279 0.00875951
-8.37867e-05 0.0085051
0.0141904 0.00759561
0.00934955 0.00771714
-0.0154897 0.0119617
0.00397821 0.00722228
-0.0187378 0.00837115
-0.00192144 0.00993058
-0.0304881 0.00960832
-0.00464418 0.00773287
-0.0237172 0.0102107
-0.0139572 0.0118566
0.00878844 0.00764962
0.0199901 0.0079843
0.000831689 0.00758893
0.0252661 0.00770313
-0.00344494 0.00857379
-0.0292395 0.0128375
0.000834567 0.0076818
-0.0170169 0.00730006
0.0168993 0.00905082
-0.0205398 0.00965343
0.0224756 0.01322
-0.00670288 0.00729707
0.0252247 0.0101539
-0.00705008 0.00869991
-0.0183189 0.0118875
-0.00760072 0.00740509
-0.0306126 0.00740622
0.0101836 0.00997111
-0.00751694 0.00731709
-0.0101719 0.0135215
