-0.00848746 0.0111767
0.00348256 0.00689733
-0.0131151 0.00894123
0.00760718 0.00692812
0.018041 0.0086985
-0.0079295 0.00620607
-0.00104873 0.00623945
0.0026862 0.00864544
-0.00423911 0.00783991
0.0105717 0.00945296
-0.00964133 0.0117028
-0.00844086 0.0110504
-0.0176429 0.0127381
-0.00169075 0.0130597
0.0256647 0.0278278
0.0562971 0.0389713
0 0.746941
0 0.746941
0 0.746941
0 0.746941
0 0.746941
0 0.746941
0 0.746941
0 0.746941
0.00182528 0.0111781
0.00468725 0.00722292
-0.000774136 0.00720678
-0.00187301 0.00755566
-0.00687139 0.00683235
0.00902974 0.00733496
0.00362777 0.00687386
0.00393007 0.00890409
-0.0118617 0.00843446
0.000323758 0.00766511
-0.00444698 0.00904254
-0.000183404 0.0122648
0.0137464 0.012815
0.0102155 0.0140412
0.0424392 0.0185323
0 0.746941
0 0.746941
0 0.746941
0 0.746941
0 0.746941
0 0.746941
0 0.746941
0 0.746941
0.00124277 0.0146854
-0.00226372 0.00667931
0.00116742 0.00591074
-0.00325656 0.00780519
0.00304525 0.00771774
-0.00659583 0.00656384
0.00871395 0.00752186
-0.00498297 0.00704118
-0.00458749 0.00987883
0.00780652 0.00879914
-0.00574188 0.00989984
-0.012804 0.0112249
0.00693594 0.0116365
0.0171593 0.0149258
-0.00883904 0.0204732
0.10914 0.0670587
0 0.746941
0 0.746941
0 0.746941
0 0.746941
0 0.746941
0 0.746941
0.00595717 0.00802546
-0.00787785 0.00635089
0.00576501 0.00749317
0.00252024 0.00783777
0.00354394 0.0073329
-0.00186289 0.00803642
-0.00253749 0.00716466
-0.00319217 0.00743816
0.00306139 0.0067228
-0.0122884 0.00848322
-0.000926022 0.00832866
-0.0013539 0.0121531
0.0129287 0.0121461
0.0105755 0.011073
0.00549401 0.0256795
0 0.746941
0 0.746941
0 0.746941
0 0.746941
0 0.746941
0 0.746941
-0.00456423 0.0125588
0.00916799 0.00720984
0.0126807 0.00901251
0.00554269 0.00566093
0.0103357 0.00854271
0.00637006 0.00696194
-0.00973591 0.00747524
-0.0076834 0.00776969
0.00408519 0.00934077
-0.00810287 0.00884563
0.00811554 0.0101961
0.00428265 0.0100296
-0.00528241 0.0127083
0.00107903 0.00928464
-0.000513308 0.0171949
0.0225504 0.0340435
0 0.746941
0 0.746941
0 0.746941
0 0.746941
0.00952681 0.00951757
-0.0113391 0.00796109
-0.0075171 0.00679273
-0.0120705 0.00807436
0.0144736 0.00821052
-0.0012555 0.00645928
-0.00179272 0.00664726
0.00208038 0.00830549
-0.00708492 0.00784103
0.00966873 0.00890507
0.0272019 0.0108036
0.0115231 0.0105859
0.00258812 0.011559
0.00152212 0.0107663
-0.00683269 0.0178218
0.0310185 0.0352732
0 0.746941
0 0.746941
0 0.746941
0.00225515 0.0106125
0.0026811 0.0061424
0.00214736 0.00715637
0.00375155 0.00727154
0.00707357 0.00667494
0.00579431 0.00996765
0.00229612 0.00732614
-0.000393504 0.0072628
0.000913765 0.00926753
-0.01136 0.00960773
-0.0107963 0.00871771
-0.0046156 0.00941851
0.0032589 0.0106216
0.0193719 0.0171367
0.0771076 0.0415402
0 0.746941
0 0.746941
0 0.746941
-0.00578484 0.0102963
-0.00875461 0.00658738
-0.00127605 0.00779462
-0.00268676 0.00694335
0.012603 0.00795931
-0.0097574 0.00710973
0.00669956 0.0081468
-0.0105575 0.00960864
-0.000122015 0.00720145
-0.00833086 0.00782553
-0.00591158 0.0108182
-0.00295425 0.0105298
0.00458106 0.011484
-0.00813013 0.0133304
0.0296455 0.0163928
0.121083 0.0354702
0 0.746941
-0.00230601 0.0128408
-0.0100676 0.00689985
-0.0141554 0.00786638
-0.00863149 0.00707008
0.00742525 0.00681785
-0.000898752 0.00704442
0.000813372 0.00742036
0.00332009 0.00872514
-0.00872868 0.00910051
0.00655103 0.00977735
0.013565 0.0100225
-0.0164944 0.0107996
-0.00651455 0.0102395
0.0102005 0.0187583
0.00704898 0.0227681
0.0427877 0.0338932
0.00674584 0.00866359
0.00642193 0.00789559
-0.00183006 0.00771202
-0.010337 0.00691331
-0.00444366 0.00834921
-0.0202943 0.00944618
-0.000975638 0.00894308
0.00462532 0.00847011
-0.0119373 0.0100043
0.0091764 0.00867229
-0.00201123 0.00928878
-0.0112887 0.0123835
-0.00596669 0.0113575
-0.0112018 0.0123573
0.000821176 0.0258494
0.00296096 0.00854002
-0.00545434 0.00686419
-0.00688974 0.00776217
-0.0120067 0.00699044
0.0103846 0.00748604
0.00876815 0.00790089
-0.00333989 0.00867421
0.000961869 0.00805792
0.0067359 0.00891976
-0.00506938 0.0100897
0.00113821 0.0110353
0.0110041 0.0100095
-0.00907706 0.0179673
-0.00603773 0.0120597
0.00635647 0.0090313
-0.00907882 0.00829453
0.00840168 0.00807865
-0.0100624 0.00675363
0.0231996 0.0072253
-0.0016851 0.00607207
0.0128838 0.00704075
0.0133401 0.0077825
-0.0149378 0.0137199
-0.00463037 0.0091223
-0.00643514 0.0108891
0.00252426 0.0107819
0.0168145 0.0107109
0.00293495 0.00858167
-0.0144601 0.00719362
-0.00477055 0.0071707
0.00062263 0.00716557
0.00373179 0.0060978
0.0010438 0.00768156
0.019979 0.00796511
0.00269619 0.00721147
0.0152954 0.00964347
0.00608549 0.0100115
0.00241007 0.00878423
-0.00264513 0.0101476
0.0256155 0.0124337
-0.000188269 0.00786685
-0.00629343 0.00774064
-0.00825831 0.00731352
-0.000159815 0.00685129
-0.00113861 0.00724734
-0.00496224 0.00713202
-0.00918417 0.00749775
-0.0100917 0.00982368
0.00382455 0.0101892
0.0176126 0.0106402
0.00672857 0.0143799
-0.00594713 0.00764904
0.00014735 0.00775411
0.00408175 0.00994248
-0.00239886 0.00631034
0.00593644 0.00716591
-0.00389371 0.00688333
-0.00127803 0.00826308
0.00655393 0.00898699
0.0035901 0.00967374
-0.0128501 0.0121051
0.000191889 0.00591936
0.00356631 0.0077907
-0.00901671 0.00757984
-0.00467491 0.00850426
-0.00652811 0.00712302
0.00607277 0.0082797
0.00875236 0.0065347
-0.00432877 0.00749505
0.00627735 0.00946306
0.00240356 0.00753897
0.00395174 0.00813496
0.00791714 0.00692588
0.00724137 0.008233
-0.00193679 0.00820761
-0.00809582 0.00726148
0.00841014 0.00737043
-0.000595363 0.0105641
0.00330455 0.00677546
-0.000660426 0.00786491
-0.00109897 0.00932492
-0.0129622 0.00875527
-0.00623591 0.00751763
-0.00381345 0.00954459
-0.0340846 0.0117855
0.00724954 0.00699397
-0.000803662 0.00744309
-0.00166564 0.00721754
0.00502387 0.00652692
-0.00295816 0.00802119
-0.013572 0.0110382
-0.00136874 0.00714328
0.00185494 0.00635238
0.015954 0.00898356
-0.00265868 0.00849311
0.00061125 0.0119251
-0.00661032 0.00680519
0.00264592 0.00874466
-0.00731027 0.00814066
0.000482971 0.0113201
-0.00969812 0.00707005
-0.0114551 0.0061972
-0.00969818 0.00898306
-0.00817312 0.00663291
0.00927602 0.0121156
