-0.0106888 0.726064
0.0045889 0.742405
-0.00363358 0.74192
0.00827993 0.728389
-0.00331934 0.736775
0.00733195 0.00556685
-0.0154038 0.259797
0.0126513 0.301108
0.00206002 0.745592
-0.00103783 0.745724
-0.00943598 0.720884
-0.0140092 0.188718
-0.00216772 0.0142744
0.0464316 0.0251131
0 0.728327
0 0.728327
0 0.728327
0 0.728327
0 0.728327
0 0.728327
0 0.728327
0 0.728327
0.0182699 0.719936
0.000706674 0.746606
-0.00140885 0.734139
-0.0102761 0.718538
0.00600353 0.721723
0.00192236 0.744225
0.00552636 0.406889
-0.00148812 0.745423
0.00239954 0.746678
0.00173845 0.746377
0.00815823 0.732212
0.00903713 0.379298
0.00680489 0.0147274
0.0435224 0.0203228
0 0.728327
0 0.728327
0 0.728327
0 0.728327
0 0.728327
0 0.728327
0 0.728327
0.0019096 0.746683
0.00542727 0.734638
0.00145925 0.00533209
-0.00255058 0.744058
0.00453746 0.739519
0.00445483 0.720688
-0.00398382 0.735154
-0.0211101 0.332401
0.00459572 0.743889
-0.0146969 0.737613
-0.00596406 0.739088
0.0114349 0.390024
0.00680261 0.0149415
0.0124092 0.0172786
0 0.728327
0 0.728327
0 0.728327
0 0.728327
0 0.728327
0 0.728327
-0.0053266 0.739271
-0.00723936 0.00604406
0.00674482 0.39499
0.00122539 0.746307
0.0128066 0.718447
0.00875353 0.723061
-0.00124562 0.745626
0.00408597 0.739084
-0.00453173 0.74084
0.00192825 0.746293
0.00523319 0.742099
0.0154647 0.741055
0.00930468 0.380968
0.0200658 0.0217
0 0.728327
0 0.728327
0 0.728327
0 0.728327
0 0.728327
4.32383e-05 0.746398
0.0153323 0.380804
0.00144278 0.744791
-0.00640272 0.415695
0.00434053 0.745469
-0.00140403 0.37465
-0.00778706 0.00577074
0.000284568 0.74649
-0.00314377 0.743027
0.0219254 0.744348
0.000598352 0.74656
0.00542879 0.742421
0.00241014 0.734016
0.00686339 0.0191455
0 0.728327
0 0.728327
0 0.728327
0 0.728327
0.00714458 0.739627
-0.00547489 0.734222
0.000763115 0.746435
0.0142269 0.282548
0.00904455 0.26945
-0.0039764 0.736798
0.000511404 0.746494
4.82784e-06 0.746385
0.00248166 0.744813
0.00271477 0.741204
0.000687187 0.746631
-0.00399278 0.727874
0.00554652 0.71771
-0.00132637 0.0213538
0.191378 0.0347541
0 0.728327
0 0.728327
-0.0004027 0.746162
-0.00983855 0.00606898
-0.00414594 0.00580794
-0.00211536 0.742514
0.00936955 0.720512
0.00456592 0.742475
0.000308795 0.746496
-0.00932717 0.72563
-0.00852757 0.720149
-0.00220259 0.744728
-0.000189422 0.746298
0.0207684 0.18463
-0.00185178 0.736421
0.0395348 0.0184034
0 0.728327
0 0.728327
0.011772 0.724725
-0.00866285 0.728499
-0.00699674 0.739002
0.00142318 0.74468
0.00077724 0.71861
0.00459491 0.719231
-0.00118541 0.745634
0.00173175 0.745877
-0.0129717 0.727594
0.010666 0.404285
-0.00598437 0.736154
0.000747185 0.74485
-0.0121366 0.0142969
0.0390092 0.020333
0 0.728327
0.00207373 0.7465
0.00221024 0.745143
-0.000262111 0.746262
-0.00344777 0.367776
-0.00995213 0.73503
-0.00142946 0.745419
0.0013103 0.746688
0.0116505 0.403614
-0.00178257 0.744706
0.000338351 0.746176
-0.0106767 0.414625
-0.00610336 0.736716
-0.0089876 0.366278
0.0159026 0.0194902
0.00945478 0.715398
0.00202438 0.741078
-0.0130444 0.730516
-0.00359501 0.739136
0.00549591 0.743029
0.0135864 0.238145
-0.0021337 0.743863
-0.00519799 0.739985
0.00287982 0.745909
0.00516845 0.733746
0.00745309 0.741156
-0.00285533 0.0141046
-0.000554932 0.743644
-0.000648568 0.746034
-0.00545154 0.720585
0.00452451 0.743681
-0.00263031 0.742204
0.0137489 0.173238
0.00308123 0.00559369
0.0110804 0.409743
0.0104629 0.415142
-0.00227996 0.743667
-0.00662119 0.740446
0.00546006 0.732877
0.0121299 0.741355
0.000282803 0.746489
-0.00559594 0.737309
-0.00750526 0.736139
0.00714375 0.343487
0.00060038 0.746503
0.0100558 0.0921206
0.0160965 0.377669
0.00495426 0.734826
0.00659324 0.312763
0.00114021 0.746392
0.00565926 0.746022
0.00827026 0.104615
0.00661868 0.734867
-0.00827655 0.723241
-0.0085711 0.0061336
0.0017718 0.746752
0.00434955 0.745654
-0.00337936 0.743093
-0.00534068 0.712511
0.00348988 0.745828
0.0216397 0.351345
0.00145003 0.746846
-0.00623261 0.719022
0.00275504 0.742211
-0.000981639 0.740275
-0.00417712 0.385039
-0.00992157 0.708093
0.00211723 0.743207
0.000482669 0.746528
0.00501057 0.74175
-0.00341281 0.743165
0.00686253 0.123346
0.00556229 0.740963
-0.0038654 0.742511
-0.000868394 0.745777
0.00888535 0.717817
0.00714399 0.73393
0.000284978 0.746454
-0.000826399 0.736339
0.00247192 0.746213
0.0115991 0.728701
0.00578892 0.385292
0.00532117 0.715323
-0.0116808 0.0057027
0.00266718 0.74582
0.00282039 0.746849
-0.00290163 0.743732
-0.00134126 0.744393
-0.0109138 0.726842
0.0053825 0.743048
-0.00708324 0.717539
-0.00698553 0.395986
-0.00480492 0.00577613
0.00607131 0.737295
0.00765952 0.723872
-0.000463436 0.746156
0.00217406 0.745514
-0.00491985 0.719224
0.00239057 0.746531
0.00122655 0.746572
0.00621949 0.736762
-0.00897809 0.719951
-0.0106568 0.00518341
-0.00502869 0.735232
-0.00683974 0.00583896
0.00692032 0.745387
