0.0162489 0.007445
-0.00149793 0.00557451
0.0219451 0.00528174
0.000426254 0.00475346
0.0176394 0.00480234
0.00788132 0.00586532
0.0241829 0.0062902
-0.00406025 0.00740492
0.0165788 0.00790568
8.44047e-05 0.0136698
0.0529452 0.0289905
0 0.00141421
0 0.746941
0 0.746941
0 0.746941
0 0.746941
-0.0128466 0.00769312
0.00102487 0.00465782
-0.0205374 0.00493671
0.0019231 0.00493833
-0.0135041 0.00519937
-0.00918893 0.00529699
-0.0155481 0.00612184
-0.00737433 0.00748392
-0.0110873 0.00733056
0.0201274 0.012173
0.00930788 0.0306404
0 0.746941
0 0.746941
0 0.746941
0 0.746941
0.0218097 0.00632663
0.00249434 0.00505642
0.0202016 0.00534761
0.00678624 0.00522733
0.0243442 0.00547622
0.00130305 0.00490586
0.0138401 0.00607107
0.00195325 0.00707844
0.030791 0.00761381
0.0106773 0.01054
0.0227111 0.0432183
0 0.746941
0 0.746941
0 0.746941
-0.0120663 0.00682965
0.00093826 0.00517359
-0.0250849 0.00494939
0.00560531 0.00500997
-0.0262039 0.00463795
0.000990153 0.00550852
-0.0177463 0.00670629
0.0145845 0.00747063
-0.017302 0.00725874
0.00177244 0.00934834
-0.0101395 0.020554
0 0.746941
0 0.746941
0.0246274 0.00720395
-0.00606372 0.00449136
0.0246019 0.00485957
-0.00167326 0.00569647
0.0225455 0.0052165
-0.00107029 0.0061921
0.0156448 0.00564467
-0.00373389 0.00640526
0.0267455 0.00757026
0.0114233 0.015023
0.0620666 0.0235461
0 0.746941
-0.0132127 0.0075813
-0.0034885 0.00494902
-0.0213707 0.00486319
0.00413723 0.00478284
-0.0243014 0.00550051
0.0016183 0.00612031
-0.0265223 0.0061382
6.83502e-05 0.00694616
-0.0255901 0.0080434
0.0180272 0.0131999
0.00336536 0.0247245
0.03131 0.00731149
0.000507328 0.00490583
0.0138666 0.00493783
-0.0118234 0.00583095
0.021877 0.00566873
-0.000488521 0.0060696
0.0205048 0.00676177
0.00140207 0.00666876
0.017109 0.00805373
-0.0116397 0.010574
-0.019615 0.00628704
-0.000127453 0.00539384
-0.0241447 0.00486431
0.0143433 0.00505174
-0.0130187 0.00494881
0.00896882 0.00632688
-0.0226741 0.0068358
-0.000457571 0.0069296
-0.00387368 0.00817174
0.0169514 0.00650646
-0.00703264 0.00513547
0.0221175 0.00505832
-0.00418566 0.00472718
0.0355098 0.00552347
0.00163279 0.00532658
0.0209887 0.00716758
0.00674712 0.00646799
-0.00510169 0.00758181
-0.0030296 0.00544705
-0.0162317 0.00528278
-0.00196068 0.0047042
-0.0246263 0.00497794
-0.00118272 0.00625491
-0.0128968 0.00642974
0.0160106 0.00651177
0.00475027 0.00481819
0.0133989 0.00560417
-0.0019056 0.00530183
0.024984 0.00503883
0.00327171 0.00518846
-0.0131056 0.00792256
0.00673821 0.0049584
-0.0149972 0.00560791
-0.00866879 0.00560305
-0.0219888 0.00560811
0.00828345 0.00802387
0.00133582 0.00505766
0.0243208 0.00522483
0.00171354 0.00532588
-0.0221274 0.00781013
-0.00257196 0.00497689
-0.0205456 0.0057653
0.0174019 0.00731093
-0.0104808 0.00444638
-0.0224623 0.00739284
