-0.0935181 0.00818457
-0.0685811 0.00869372
-0.0422043 0.00827565
-0.0588015 0.00736879
-0.0406249 0.00887025
-0.0317905 0.00740794
-0.0101363 0.00715687
-0.0160961 0.00720621
-0.0202438 0.00638654
-0.0206913 0.00675701
-0.0135004 0.00604597
-0.0179981 0.00638012
-0.0329361 0.00694196
-0.00323227 0.00744871
-0.011409 0.00689544
0.000174001 0.00683237
-0.0372215 0.00666234
-0.0240179 0.00798686
-0.0297193 0.00823181
-0.0369902 0.00783393
-0.0504446 0.00902341
-0.0489661 0.00997347
-0.0476351 0.00910853
-0.0696235 0.0108894
