-0.0815833 0.00294889
-0.0518578 0.00287604
-0.0450061 0.00269797
-0.0466189 0.00249246
-0.0475082 0.00254591
-0.0276456 0.00250769
-0.02294 0.00236804
-0.0155348 0.00228163
-0.025937 0.00226527
-0.0160719 0.00228552
-0.00657771 0.00216828
-0.0141756 0.00214689
-0.0250503 0.00218457
-0.00885892 0.00226689
-0.014744 0.00222704
-0.005425 0.00233632
-0.0388108 0.00227595
-0.0213574 0.0024573
-0.0273399 0.00249178
-0.029622 0.00263121
-0.0521057 0.00280192
-0.047892 0.00272189
-0.0478016 0.0028653
-0.0685594 0.00302181
