-0.0788099 0.00191939
-0.054908 0.00181389
-0.0450939 0.00175382
-0.0440238 0.00165092
-0.0479755 0.00163874
-0.0268582 0.00162748
-0.0255196 0.00152819
-0.0168494 0.00146601
-0.028117 0.00145957
-0.015658 0.00146314
-0.00935292 0.00139697
-0.0164005 0.00141303
-0.0243317 0.00140192
-0.0097643 0.00142624
-0.0139699 0.00143668
-0.00821666 0.00146543
-0.0393947 0.00145384
-0.0213614 0.00153827
-0.0291267 0.00158348
-0.0322426 0.00162472
-0.0494917 0.00171916
-0.0449637 0.0017397
-0.0444502 0.00189585
-0.0663053 0.00192628
