-0.0786306 0.00197812
-0.0548698 0.001898
-0.0459023 0.00182358
-0.044676 0.00171576
-0.0477248 0.00170342
-0.0267029 0.00170102
-0.0255689 0.00158222
-0.0164402 0.00151748
-0.0279214 0.00151881
-0.0159392 0.00152736
-0.00938866 0.0014556
-0.0159087 0.00146673
-0.0246897 0.00144961
-0.00984711 0.00148205
-0.0141125 0.00149087
-0.00800454 0.00152287
-0.0393247 0.00150765
-0.0219421 0.00160083
-0.0287081 0.00164595
-0.0318837 0.00168969
-0.0503061 0.00178619
-0.0446318 0.00180914
-0.0448877 0.00194645
-0.0661079 0.00198945
