-0.0791185 0.00200477
-0.0545824 0.00175905
-0.0445236 0.00171535
-0.0440079 0.00161587
-0.0484055 0.00162475
-0.0269979 0.00173024
-0.0254551 0.00157845
-0.017003 0.0015424
-0.0279449 0.00158206
-0.0155757 0.00157347
-0.00949596 0.00141853
-0.0162641 0.00152373
-0.0239399 0.00155811
-0.00999636 0.00149898
-0.0143934 0.00154222
-0.00863497 0.00152558
-0.0389942 0.00143591
-0.0214078 0.0015855
-0.029257 0.00161173
-0.0318064 0.00158667
-0.0497905 0.00176053
-0.0447572 0.00172621
-0.0442899 0.00193378
-0.0662348 0.00209363
