-0.0839834 0.00585941
-0.0592724 0.00567029
-0.0482888 0.00544762
-0.0483602 0.00489671
-0.0397992 0.00568225
-0.0311748 0.00514386
-0.0227357 0.00485325
-0.018611 0.00465763
-0.022836 0.00434901
-0.0247407 0.00474705
-0.00969914 0.00412718
-0.0150301 0.00436044
-0.0223961 0.00435757
-0.00912392 0.00476188
-0.0117214 0.00462024
-0.00451321 0.00476819
-0.0366625 0.00460513
-0.0231461 0.00492883
-0.0178685 0.00515767
-0.0346949 0.0052554
-0.0489483 0.00579617
-0.0471551 0.00553208
-0.0525044 0.00568447
-0.0677614 0.00659419
