-0.0826294 0.00337083
-0.0534452 0.00331108
-0.0470013 0.00312699
-0.0467152 0.00284655
-0.0470134 0.0029626
-0.0277353 0.00286098
-0.0220213 0.00281783
-0.0162368 0.00266717
-0.0251025 0.00261956
-0.0164466 0.00263356
-0.00825975 0.00252015
-0.0136889 0.00245978
-0.0250631 0.00254668
-0.00708182 0.00266356
-0.0143734 0.00263779
-0.0046459 0.00275715
-0.0392665 0.00266795
-0.0217288 0.00292966
-0.0263892 0.00288824
-0.0317892 0.00303238
-0.0527616 0.00334617
-0.0483864 0.00314879
-0.0489013 0.003316
-0.0668965 0.00349121
