-0.0814589 0.00320994
-0.0523843 0.00312615
-0.0457346 0.00299058
-0.0459101 0.00267596
-0.0474301 0.00280957
-0.028676 0.0027147
-0.0222459 0.0026425
-0.0170833 0.00251786
-0.0250018 0.00247323
-0.0168604 0.00247568
-0.00813719 0.00238806
-0.0132182 0.00233366
-0.025374 0.00240575
-0.00793486 0.00251637
-0.0144788 0.0024979
-0.00421759 0.00260817
-0.0388137 0.00250391
-0.0209006 0.00277525
-0.0252 0.00274787
-0.0303831 0.00293152
-0.0530221 0.0031036
-0.0477719 0.00298573
-0.0486605 0.00311072
-0.0690806 0.00330188
