-0.0773089 0.00153135
-0.0545972 0.00148499
-0.0449059 0.00141746
-0.0447246 0.00133317
-0.0503681 0.00131275
-0.0275838 0.00128697
-0.0253029 0.00122172
-0.017545 0.00118138
-0.0265692 0.00117417
-0.0159697 0.001174
-0.00861074 0.00112999
-0.0166984 0.00113371
-0.0238468 0.00113255
-0.0102213 0.00114384
-0.0142797 0.00115051
-0.00909198 0.00118512
-0.0387226 0.0011728
-0.0212586 0.00123458
-0.0291578 0.00126142
-0.0320818 0.00130817
-0.0493316 0.00135776
-0.0444461 0.00138002
-0.04395 0.00151304
-0.0665129 0.00153808
