-0.0798268 0.00443695
-0.0568906 0.0045194
-0.0498266 0.00428528
-0.0464877 0.0037696
-0.0419205 0.00420528
-0.0273359 0.00381189
-0.0190761 0.00367689
-0.0184099 0.00352255
-0.0241249 0.00340032
-0.018695 0.00357722
-0.0085776 0.00324746
-0.0172648 0.00330612
-0.0239498 0.00337954
-0.00607875 0.00369005
-0.012836 0.00344458
-0.00630322 0.00359675
-0.039491 0.00357506
-0.0212347 0.00387849
-0.0218299 0.00383672
-0.0353009 0.00402224
-0.049284 0.00448937
-0.0474506 0.00423121
-0.0539939 0.00440066
-0.0649381 0.00492105
