-0.0810779 0.00306889
-0.0524042 0.00295581
-0.0450931 0.00283346
-0.0464916 0.00255135
-0.0479145 0.0026826
-0.0279789 0.00261116
-0.0222454 0.00248462
-0.0178399 0.00234973
-0.024957 0.00235109
-0.016589 0.00237896
-0.00786495 0.00226127
-0.0138 0.00223137
-0.0258941 0.00227325
-0.00910491 0.00237046
-0.015056 0.00233882
-0.00437507 0.00244374
-0.0384617 0.00238456
-0.0213631 0.00259263
-0.0269046 0.00260949
-0.0300383 0.00275286
-0.0524355 0.0029172
-0.048556 0.0028234
-0.0481759 0.00295548
-0.0680865 0.0031179
