-0.0776062 0.00149671
-0.0544456 0.00145623
-0.0446604 0.00138988
-0.0443661 0.00130102
-0.0503401 0.00128835
-0.0274575 0.00125944
-0.0252106 0.00119831
-0.0175587 0.00116176
-0.0267235 0.0011476
-0.0158009 0.00114549
-0.00839795 0.00110778
-0.0167692 0.00110662
-0.023472 0.00110666
-0.0103688 0.00112159
-0.0143653 0.00112853
-0.00914607 0.00115967
-0.038907 0.00114539
-0.0212029 0.00120909
-0.0290173 0.00123291
-0.0325996 0.00127863
-0.0497864 0.00132652
-0.0441775 0.00135434
-0.0434449 0.00148759
-0.0662291 0.00151222
