-0.0786606 0.00195209
-0.0547957 0.00185951
-0.0456331 0.00178355
-0.0441744 0.00167453
-0.0476219 0.00166829
-0.0269889 0.00165699
-0.0253982 0.00155712
-0.0163342 0.00149158
-0.0282805 0.00148406
-0.0157686 0.00149458
-0.00960283 0.00142728
-0.0163729 0.00143908
-0.0243656 0.001429
-0.00966532 0.00145549
-0.0139674 0.00146257
-0.00822606 0.00149097
-0.0394592 0.00147797
-0.0216458 0.00156893
-0.0288162 0.00161072
-0.0319774 0.00165825
-0.0497843 0.00175566
-0.0445072 0.00177138
-0.0452749 0.00192307
-0.0661451 0.0019582
