-0.0810755 0.00263504
-0.0539729 0.00258824
-0.0469175 0.0023893
-0.0464313 0.00225204
-0.0469581 0.00228635
-0.0269955 0.00227482
-0.0235019 0.00212475
-0.0159987 0.00201917
-0.0266903 0.00203238
-0.016378 0.00205769
-0.00758309 0.00195091
-0.0138384 0.00195192
-0.0246367 0.0019334
-0.00984955 0.00198006
-0.0145208 0.0019908
-0.00792312 0.002056
-0.0387332 0.00203402
-0.021611 0.00215338
-0.0286075 0.00221773
-0.0313572 0.00233582
-0.0519964 0.00241793
-0.0465853 0.00242131
-0.0460616 0.00260282
-0.0675706 0.00266058
