-0.0775219 0.00162694
-0.0547702 0.00158226
-0.044306 0.00150797
-0.0437885 0.00142123
-0.0496514 0.00141027
-0.0274649 0.00138134
-0.0253393 0.00130707
-0.017475 0.00125214
-0.0273061 0.00125912
-0.0161026 0.00125228
-0.00896711 0.00120221
-0.0164293 0.0012075
-0.023851 0.00121024
-0.0105104 0.00122656
-0.0143353 0.00123037
-0.00935566 0.00126349
-0.0389024 0.00124868
-0.0212057 0.00132127
-0.0291899 0.00135228
-0.0325682 0.00139256
-0.0492785 0.00146694
-0.0444053 0.0014741
-0.0443798 0.00162139
-0.0666047 0.00165963
