-0.0777504 0.00173518
-0.0543067 0.00166713
-0.0444319 0.00160628
-0.0437405 0.00149655
-0.0489305 0.00150088
-0.0278948 0.0014696
-0.0251152 0.00139112
-0.0168281 0.00132764
-0.0274171 0.00133462
-0.0163686 0.00132572
-0.00887558 0.00126905
-0.0159237 0.00128297
-0.024229 0.00128505
-0.0104682 0.00130471
-0.0139346 0.00131025
-0.00920927 0.00133271
-0.0392549 0.00132299
-0.0214198 0.00139901
-0.0290416 0.00143433
-0.0324912 0.00147875
-0.0488283 0.00156136
-0.0445911 0.00157031
-0.0441608 0.00172174
-0.0666537 0.00175903
