-0.0809055 0.00258134
-0.054822 0.00248209
-0.0466019 0.00231435
-0.0465567 0.0021758
-0.0472846 0.00218348
-0.0263842 0.00220031
-0.0233615 0.00204995
-0.0162457 0.00193954
-0.0267841 0.00196565
-0.0153126 0.00199394
-0.00774418 0.00188137
-0.0137113 0.0018906
-0.0248361 0.00185766
-0.00923384 0.0019084
-0.0145349 0.00192694
-0.00806127 0.00199378
-0.0393809 0.00194409
-0.021911 0.00206918
-0.0280249 0.00214246
-0.0313147 0.00222495
-0.0510233 0.00233629
-0.0466798 0.00232611
-0.0458792 0.00251727
-0.0679618 0.00257281
