-0.0860114 0.00684901
-0.0646814 0.00689715
-0.0527097 0.00681439
-0.0488814 0.00585194
-0.044074 0.00698635
-0.0341109 0.00617085
-0.0174315 0.00588278
-0.0229928 0.00582166
-0.0233172 0.00538938
-0.0249667 0.00537154
-0.0105632 0.00487411
-0.0173364 0.00525915
-0.026847 0.00531358
-0.00969652 0.00586571
-0.00871817 0.00570252
-0.00511634 0.00572113
-0.0376045 0.0053313
-0.0199789 0.0063655
-0.0204606 0.00640061
-0.0340388 0.0062074
-0.0471451 0.00674638
-0.0466698 0.00671158
-0.0560696 0.00720169
-0.066797 0.00803631
