-0.0772696 0.001435
-0.0540234 0.00139488
-0.0447969 0.00132287
-0.0444358 0.00124059
-0.0505825 0.00123915
-0.027298 0.00119914
-0.02488 0.00115026
-0.0179427 0.00111604
-0.0265786 0.0010949
-0.0164605 0.00109202
-0.00870278 0.00106142
-0.0169305 0.00106155
-0.0234809 0.00105994
-0.010373 0.00106955
-0.0143965 0.00108525
-0.0096688 0.00110875
-0.0389962 0.00109707
-0.0214291 0.00115304
-0.0290985 0.00118112
-0.03215 0.00122737
-0.0495341 0.00127613
-0.043958 0.00130193
-0.0437992 0.00142702
-0.066698 0.00144068
