-0.0820643 0.0027193
-0.0526499 0.00269176
-0.0464085 0.002489
-0.0459915 0.00232141
-0.0464779 0.00238345
-0.0271441 0.00236404
-0.0233023 0.00219895
-0.0155698 0.00211084
-0.0265091 0.00210207
-0.0165058 0.00213107
-0.00665182 0.00201758
-0.0136554 0.00201544
-0.0253822 0.00200518
-0.00915645 0.00206494
-0.0142992 0.00205241
-0.00751386 0.00214584
-0.0388984 0.00211399
-0.0217946 0.00225049
-0.0278641 0.00230351
-0.0306991 0.00243495
-0.0522339 0.00255331
-0.0468123 0.00251476
-0.046366 0.00269138
-0.0685461 0.00275415
