-0.0790929 0.00210911
-0.0561103 0.00202416
-0.0458359 0.00195258
-0.0452955 0.00181833
-0.0477555 0.00179931
-0.0255544 0.00179317
-0.0254026 0.00168307
-0.0169384 0.001605
-0.0278649 0.0016213
-0.0154928 0.00162065
-0.00944736 0.00155097
-0.0148981 0.00157034
-0.0244094 0.00153815
-0.0101868 0.00156918
-0.0136068 0.001593
-0.0084736 0.001638
-0.0395301 0.00161581
-0.0223795 0.00170821
-0.0285875 0.00174516
-0.0313458 0.00180304
-0.0506779 0.00191091
-0.0455107 0.00192056
-0.0438885 0.00207116
-0.0655971 0.00213682
