-0.077522 0.00158792
-0.0547155 0.00153911
-0.0449018 0.00146605
-0.0444995 0.00138175
-0.0500626 0.00136682
-0.0273796 0.00134175
-0.0253469 0.00126534
-0.017318 0.00122275
-0.026622 0.00122332
-0.0159085 0.00122296
-0.00871978 0.00117114
-0.0166356 0.00117902
-0.0240329 0.0011781
-0.0103941 0.00119428
-0.014329 0.00119992
-0.00908436 0.00123024
-0.0389727 0.00121508
-0.0211541 0.00128447
-0.02938 0.00130982
-0.0324193 0.00135509
-0.0493993 0.00141352
-0.0443597 0.00143677
-0.0442931 0.00158017
-0.0664141 0.00159862
