-0.0807049 0.00376483
-0.0577691 0.0037741
-0.0485929 0.00354509
-0.0471905 0.00331963
-0.0447472 0.00341936
-0.027353 0.00332277
-0.0212146 0.00315981
-0.0166658 0.00302758
-0.0234102 0.00294841
-0.0168222 0.00302799
-0.00828733 0.00282033
-0.0146271 0.00281005
-0.025193 0.0029068
-0.00503145 0.00302646
-0.0152011 0.00294292
-0.00374459 0.00307608
-0.0401509 0.00304113
-0.0211553 0.00330863
-0.023084 0.00332233
-0.0332365 0.00339218
-0.051736 0.0038383
-0.0499599 0.00357241
-0.0498161 0.00377667
-0.0685899 0.00401847
