-0.0818349 0.00356697
-0.0546082 0.00352452
-0.0473711 0.00330948
-0.0470185 0.00306119
-0.0460081 0.00314897
-0.0284197 0.0030429
-0.0208901 0.00299019
-0.0153453 0.00282873
-0.025358 0.00275199
-0.0171074 0.00281167
-0.00763261 0.00267542
-0.0141607 0.00262844
-0.0237981 0.00268926
-0.00654778 0.00283365
-0.0157686 0.00278806
-0.00376741 0.00292943
-0.040025 0.00279789
-0.022052 0.0031075
-0.024622 0.00309662
-0.0332294 0.00317841
-0.0536542 0.00357634
-0.0477085 0.00338061
-0.0497927 0.00354067
-0.066046 0.00369234
