-0.0788585 0.00216536
-0.0559589 0.00205911
-0.0460958 0.00197607
-0.0455852 0.00185748
-0.0476933 0.00182191
-0.0258267 0.00183554
-0.0253034 0.00172142
-0.0172461 0.00164002
-0.0276032 0.00165303
-0.0151674 0.00166033
-0.00954435 0.00158326
-0.0145311 0.00160542
-0.0243119 0.00156699
-0.0107194 0.00159941
-0.0137448 0.00162844
-0.00819184 0.00167013
-0.0397148 0.00164832
-0.0216174 0.00174314
-0.0286514 0.00178258
-0.0314355 0.00183233
-0.0504084 0.001954
-0.0459304 0.00195782
-0.0442096 0.00211449
-0.0658921 0.00218618
