-0.079249 0.00227311
-0.0561773 0.00217061
-0.0455451 0.00206556
-0.0461329 0.00194407
-0.0477593 0.00190206
-0.0254536 0.00193841
-0.0243791 0.0018034
-0.0172857 0.00171101
-0.0269172 0.00173618
-0.0154354 0.00175192
-0.00890844 0.00166045
-0.0141977 0.00167239
-0.0246856 0.00164656
-0.0101252 0.00167918
-0.0142382 0.00170869
-0.00788294 0.00176476
-0.039672 0.00171802
-0.021308 0.00183051
-0.0291411 0.0018573
-0.0316245 0.00192725
-0.0504454 0.00205672
-0.046226 0.00204984
-0.0446687 0.00221403
-0.0656455 0.00229793
