-0.0769572 0.00140697
-0.0538821 0.00137476
-0.0447287 0.00130154
-0.0442459 0.00122133
-0.0508837 0.00121294
-0.0274593 0.00117607
-0.0249957 0.00112909
-0.0181236 0.00109392
-0.0265663 0.00107396
-0.0163085 0.00107263
-0.00833731 0.00104042
-0.0170185 0.00104193
-0.0230423 0.00104298
-0.0103296 0.00105042
-0.014123 0.0010641
-0.0098103 0.00108865
-0.0390019 0.0010766
-0.0217027 0.00112935
-0.0287954 0.001161
-0.0324138 0.00120508
-0.0499038 0.00125605
-0.043923 0.00128066
-0.0433267 0.00139826
-0.0667573 0.00141297
