-0.0796388 0.00243937
-0.0555589 0.00231719
-0.046278 0.00217371
-0.0462435 0.00205465
-0.0471277 0.00203873
-0.0267231 0.00205713
-0.0238788 0.00191969
-0.0164037 0.00181673
-0.026801 0.00185088
-0.0155308 0.0018574
-0.00787229 0.00176667
-0.0133119 0.00176779
-0.024943 0.00173324
-0.00984637 0.001787
-0.0142337 0.00182224
-0.00816532 0.00187429
-0.0394119 0.00182722
-0.0222855 0.00194136
-0.0286887 0.00199459
-0.0313213 0.00206055
-0.0508536 0.00217402
-0.0466372 0.00217238
-0.0450086 0.00236152
-0.066389 0.00241603
