-0.0772618 0.00165562
-0.054459 0.0016039
-0.0443421 0.00153081
-0.043833 0.00144186
-0.0493984 0.00143722
-0.027636 0.00141011
-0.0253207 0.00132886
-0.0174768 0.00127009
-0.0270053 0.0012774
-0.0162375 0.00126596
-0.00922563 0.00121718
-0.0163372 0.00122841
-0.0238334 0.00122886
-0.0107393 0.0012439
-0.0144972 0.00124739
-0.00910882 0.00127776
-0.0391172 0.00126877
-0.0213048 0.00133973
-0.0289491 0.00136643
-0.0324641 0.00141097
-0.0491627 0.00148706
-0.0443916 0.001492
-0.044194 0.00164401
-0.066652 0.00168641
