-0.0780063 0.00175908
-0.054294 0.00168975
-0.0445453 0.00163579
-0.0435828 0.00152317
-0.048707 0.00152298
-0.0277588 0.00149303
-0.0251543 0.00141453
-0.0169952 0.00135182
-0.0273837 0.00135581
-0.0162881 0.00134924
-0.0094331 0.00129377
-0.0161251 0.00130233
-0.0240331 0.00130714
-0.0102252 0.00132794
-0.0142526 0.00132871
-0.00889642 0.001354
-0.0395123 0.00135221
-0.0214132 0.00141992
-0.0292314 0.00145938
-0.0321864 0.00150397
-0.0488975 0.00158692
-0.0448354 0.00159689
-0.0438474 0.00175661
-0.0663022 0.0017956
