-0.0772441 0.00145131
-0.0541795 0.00141062
-0.0449572 0.0013433
-0.044502 0.00125379
-0.0507243 0.00124892
-0.0275103 0.00121421
-0.0249138 0.00116027
-0.0178585 0.00112768
-0.0263974 0.00110748
-0.0163553 0.00110772
-0.00881173 0.00107594
-0.0168618 0.00107372
-0.0236875 0.00106974
-0.0104293 0.00108293
-0.0144237 0.00109741
-0.00953922 0.00112207
-0.039144 0.0011096
-0.0214669 0.00116683
-0.028932 0.00119336
-0.0324522 0.00124055
-0.0495536 0.0012889
-0.0441695 0.00131646
-0.043789 0.00144709
-0.0663523 0.00146199
