-0.0750318 0.00728659
-0.0662991 0.00642046
-0.0440986 0.00620675
-0.0523123 0.00570067
-0.054854 0.00521985
-0.0186444 0.0054677
-0.0220715 0.00524141
-0.0187337 0.00500019
-0.0245753 0.00482813
-0.0146347 0.00520366
-0.0023488 0.0043395
-0.0157338 0.0048582
-0.0198083 0.00453475
-0.00423432 0.0049528
-0.0132882 0.00464637
-0.0166194 0.00513065
-0.0342191 0.00489123
-0.0183836 0.00494184
-0.0276882 0.00505018
-0.0438503 0.00533023
-0.0523453 0.00584526
-0.0447741 0.00589868
-0.0504046 0.00609215
-0.0649755 0.00722615
