-0.079108 0.00234839
-0.055971 0.00223595
-0.0456965 0.00210729
-0.0464557 0.00199439
-0.0474094 0.00197193
-0.0265552 0.0019864
-0.0243065 0.00185574
-0.0167999 0.00175408
-0.0267189 0.00179726
-0.014899 0.00180284
-0.00867598 0.00170675
-0.0135718 0.00171347
-0.0251781 0.00168342
-0.0101185 0.0017328
-0.0139405 0.00176985
-0.00792812 0.00181894
-0.0390113 0.00176905
-0.0218871 0.00188549
-0.0285929 0.00193114
-0.0316344 0.00198658
-0.0508318 0.00210801
-0.0466508 0.00210212
-0.0448463 0.00228866
-0.0654097 0.00234978
