-0.0771374 0.0015451
-0.0545139 0.00150317
-0.0447113 0.00143184
-0.044749 0.00134916
-0.050275 0.00132681
-0.0274101 0.00130406
-0.025557 0.00123553
-0.0173413 0.00119196
-0.0265507 0.00118851
-0.0160978 0.00118818
-0.00848249 0.00114097
-0.0167368 0.00114827
-0.0239771 0.0011468
-0.0103787 0.00116112
-0.0143615 0.00116703
-0.00908108 0.00119924
-0.0387371 0.00118581
-0.0211382 0.00124774
-0.0294198 0.00127842
-0.0321953 0.00132166
-0.0496893 0.00137946
-0.0443518 0.00139864
-0.0442863 0.00153265
-0.0663761 0.00155327
