-0.0775965 0.0016109
-0.0544702 0.00155903
-0.0446917 0.00148445
-0.043902 0.00140159
-0.0499083 0.00139046
-0.0274857 0.00135643
-0.0253001 0.00128529
-0.0173827 0.00123531
-0.0270553 0.00124078
-0.0160925 0.00123741
-0.00881457 0.00118694
-0.0165822 0.0011927
-0.0238656 0.00119431
-0.0105608 0.00120971
-0.0141216 0.00121495
-0.00925259 0.00124791
-0.0389426 0.00122926
-0.0211757 0.00130196
-0.0293127 0.00132874
-0.0326091 0.00137123
-0.049166 0.00143822
-0.0443955 0.00145006
-0.0442239 0.00159924
-0.0660806 0.00162655
