-0.0474767 0.0014619
-0.0236808 0.00142718
-0.0142332 0.00135303
-0.0137698 0.00126917
-0.0206196 0.00126009
0.0035357 0.00122241
0.00605207 0.00117355
0.0131236 0.00113731
0.00442986 0.00111518
0.0149836 0.00111441
0.0232459 0.00108102
0.014288 0.00108243
0.00808442 0.00108355
0.0211711 0.00109062
0.0172679 0.00110594
0.0217326 0.00113163
-0.0083714 0.00111891
0.00947961 0.00117358
0.00218427 0.00120679
-0.00157079 0.00125247
-0.0196145 0.00130441
-0.013451 0.00133159
-0.0128194 0.00145405
-0.0369954 0.00146892
