-0.0772832 0.00146986
-0.054539 0.00142917
-0.045081 0.00135676
-0.0443601 0.00126889
-0.0503591 0.00126364
-0.027526 0.00122987
-0.0248317 0.00117525
-0.0178304 0.00114066
-0.0264365 0.00112345
-0.0161884 0.00111986
-0.00861185 0.00108952
-0.0168762 0.00108673
-0.0235637 0.00108306
-0.0105058 0.00109454
-0.0144961 0.00110879
-0.00948638 0.00113507
-0.0389677 0.00112402
-0.0214045 0.00118072
-0.0290411 0.00120832
-0.0323089 0.00125614
-0.0495385 0.00130553
-0.044069 0.00133189
-0.0435239 0.00146477
-0.0666684 0.00148182
