-0.0775233 0.00151208
-0.0544873 0.00147035
-0.0445109 0.00140315
-0.0445487 0.00131687
-0.050338 0.00129833
-0.0275768 0.00127023
-0.0253005 0.0012103
-0.0176389 0.00116857
-0.0266208 0.00116214
-0.0157531 0.00115683
-0.00846053 0.0011197
-0.0166405 0.001119
-0.0237661 0.00111708
-0.0102742 0.00113081
-0.0143136 0.00113745
-0.00897198 0.00117252
-0.0388283 0.00115736
-0.0211441 0.00122032
-0.0292079 0.00124399
-0.0324891 0.00128927
-0.0496304 0.00134299
-0.0444092 0.00136728
-0.0434439 0.00149861
-0.0662465 0.00152372
