-0.0784324 0.00205648
-0.055832 0.00196831
-0.0459123 0.00190246
-0.0450891 0.00178084
-0.0477768 0.00176528
-0.0263879 0.00175715
-0.0250418 0.00165359
-0.0166581 0.00157263
-0.0283328 0.00159101
-0.0160597 0.00158441
-0.00914435 0.00151302
-0.0153765 0.00153266
-0.0242894 0.00150835
-0.0101503 0.00153462
-0.0137777 0.0015529
-0.00821964 0.00159151
-0.0395145 0.00157412
-0.022228 0.00166273
-0.0287696 0.00170257
-0.0315017 0.00175845
-0.0503442 0.00186227
-0.0453226 0.00187612
-0.0444171 0.00202799
-0.0653472 0.00208938
