-0.0784284 0.00180068
-0.0542168 0.0017151
-0.0447066 0.0016581
-0.0437435 0.00155285
-0.0485732 0.00154722
-0.0272077 0.00152141
-0.0254524 0.00143818
-0.0170079 0.00137516
-0.0275265 0.00137484
-0.0157961 0.00137666
-0.00959059 0.00131956
-0.0160759 0.00132671
-0.024077 0.00132591
-0.00996656 0.00134748
-0.0145112 0.00135135
-0.00879663 0.00137458
-0.0393344 0.00137086
-0.0213659 0.00144105
-0.0292965 0.00147967
-0.0320387 0.00152809
-0.0493965 0.00161193
-0.044987 0.00162565
-0.0441304 0.00178478
-0.0664205 0.00181673
