-0.0770605 0.00141874
-0.0540687 0.00138613
-0.0448045 0.00131271
-0.0443566 0.00123218
-0.0509328 0.0012261
-0.0273354 0.00118725
-0.0249594 0.00113997
-0.0179854 0.00110426
-0.0264833 0.00108567
-0.0164583 0.00108436
-0.00832651 0.00104997
-0.0169592 0.00105098
-0.0231814 0.00105101
-0.01038 0.00106073
-0.0141638 0.00107271
-0.00983414 0.00109907
-0.0390521 0.00108741
-0.0216574 0.0011406
-0.0290011 0.00117268
-0.0323012 0.00121415
-0.0497219 0.00126574
-0.0438617 0.00129145
-0.0436732 0.00141398
-0.0666898 0.00142668
