-0.0786081 0.00201109
-0.0554052 0.00193233
-0.0460341 0.00186272
-0.0448154 0.00173841
-0.0476794 0.00172891
-0.0262794 0.00173475
-0.0257393 0.00162403
-0.0165594 0.00154065
-0.0278859 0.00156006
-0.0160271 0.00155459
-0.00922126 0.00148775
-0.0156402 0.0014966
-0.0242392 0.00148004
-0.0100271 0.00150611
-0.0142107 0.00151997
-0.00808132 0.00155464
-0.0392251 0.00153757
-0.0219849 0.00162586
-0.0285049 0.00167486
-0.0316572 0.00172156
-0.0501415 0.00181784
-0.0453626 0.00184227
-0.0450601 0.00199081
-0.0657892 0.00203883
