-0.0848897 0.0050007
-0.058273 0.00497031
-0.0516266 0.00458427
-0.0494517 0.0041245
-0.0430937 0.00462737
-0.0284463 0.00432596
-0.021724 0.00406068
-0.0178624 0.00381027
-0.0230556 0.00385703
-0.0192827 0.00390951
-0.00925866 0.00348788
-0.0153098 0.00362034
-0.0214949 0.00366905
-0.0079331 0.00397972
-0.0128113 0.00379011
-0.00568507 0.00398464
-0.0398646 0.00391147
-0.0231376 0.00421376
-0.0215572 0.00426246
-0.0350535 0.00443093
-0.0487227 0.00491964
-0.0455057 0.00469152
-0.0551976 0.00471946
-0.066765 0.00541136
