-0.0774404 0.00148563
-0.0546633 0.00144021
-0.0449954 0.00137422
-0.0444204 0.00128467
-0.0503167 0.00127705
-0.0275815 0.00124431
-0.0250278 0.00118554
-0.0176744 0.00115021
-0.0264504 0.00113661
-0.0161507 0.00113122
-0.00856332 0.00109813
-0.0166075 0.00109598
-0.0235924 0.00109756
-0.0106118 0.00110931
-0.0143589 0.00112206
-0.0091333 0.00114621
-0.0390553 0.00113489
-0.0213489 0.00119362
-0.0290614 0.00122345
-0.0324692 0.00126782
-0.0495696 0.00131486
-0.0440979 0.00134147
-0.0436668 0.00147751
-0.0662644 0.00149854
