-0.080062 0.00251673
-0.0554416 0.00240083
-0.0457697 0.00224194
-0.0465713 0.00211778
-0.046965 0.00210415
-0.0265252 0.00212952
-0.0240565 0.00198458
-0.0164479 0.00187948
-0.0272368 0.00190303
-0.0155788 0.00191224
-0.00816519 0.0018178
-0.0131518 0.00182971
-0.0249554 0.00178805
-0.00990462 0.00183195
-0.0142162 0.00186835
-0.00815712 0.00192415
-0.0395561 0.00187188
-0.0219206 0.00199859
-0.0284051 0.0020701
-0.0316287 0.00214991
-0.0504792 0.00226126
-0.0466967 0.00224154
-0.0457497 0.00242345
-0.0678127 0.00248044
