-0.0792819 0.00414089
-0.0561984 0.00410703
-0.0478925 0.00384743
-0.0466339 0.00354667
-0.0453998 0.00370888
-0.0270665 0.00352408
-0.0196626 0.00343148
-0.0155975 0.00326171
-0.0236353 0.00311121
-0.0179415 0.0032572
-0.00734356 0.00303058
-0.0161303 0.00302962
-0.0237827 0.00318759
-0.00571696 0.00337099
-0.0145509 0.00323319
-0.00549593 0.00331174
-0.0406006 0.00323243
-0.020577 0.00357792
-0.0229905 0.00364188
-0.0347174 0.00371604
-0.0506753 0.00410421
-0.0487734 0.00391712
-0.0509189 0.00413818
-0.0667797 0.004492
