-0.078331 0.00220902
-0.0556483 0.00211095
-0.0453665 0.00201896
-0.0460471 0.00190179
-0.0482872 0.00186336
-0.02528 0.00187781
-0.0247506 0.00175582
-0.0171611 0.00167373
-0.027096 0.00169461
-0.0149369 0.00170028
-0.00970646 0.00161358
-0.014248 0.00163816
-0.0243652 0.00160672
-0.010426 0.00164011
-0.0140501 0.00166977
-0.00842747 0.00171131
-0.0397719 0.00168341
-0.0218012 0.00177958
-0.0288104 0.00181401
-0.0314481 0.00188016
-0.050431 0.00201025
-0.0455135 0.00200708
-0.0449317 0.00216857
-0.0656954 0.00224762
