-0.0773961 0.00167629
-0.0543706 0.00162552
-0.0443533 0.00155412
-0.0437205 0.00145729
-0.0494707 0.0014582
-0.0276602 0.00142696
-0.0253875 0.00134574
-0.0172318 0.00128751
-0.0269764 0.00129521
-0.0161816 0.00128056
-0.00904722 0.00123334
-0.0160679 0.00124545
-0.0242472 0.00124708
-0.0109914 0.00126267
-0.0142884 0.00126375
-0.00919503 0.00129862
-0.0393601 0.00128487
-0.0211484 0.00135663
-0.0288741 0.00139103
-0.032129 0.00143502
-0.0488456 0.00151301
-0.0441019 0.00151761
-0.0441882 0.00167843
-0.0665716 0.00171298
