-0.0833334 0.00279617
-0.0523511 0.00277689
-0.0455654 0.00258585
-0.0462543 0.0024024
-0.046756 0.00244839
-0.0269233 0.0024096
-0.0229769 0.0022767
-0.0152735 0.00218689
-0.026704 0.00218492
-0.0162806 0.00221085
-0.00641054 0.0020955
-0.0143156 0.00207526
-0.0254091 0.00208385
-0.00901757 0.00215557
-0.014892 0.00213669
-0.00578367 0.00224333
-0.0388505 0.00219725
-0.0225346 0.0023333
-0.0273879 0.00239853
-0.0298316 0.00251837
-0.0530183 0.00263505
-0.0472678 0.00261771
-0.0464156 0.00276144
-0.0680124 0.00287848
