-0.0772296 0.00156506
-0.054652 0.00152322
-0.0449186 0.00144971
-0.0446107 0.00136622
-0.0498793 0.00134938
-0.0272562 0.0013243
-0.0253455 0.00125055
-0.017309 0.00120848
-0.0266576 0.00120628
-0.0160553 0.00120455
-0.00844452 0.00115634
-0.0166112 0.00116295
-0.0241547 0.0011631
-0.0105066 0.00117633
-0.0143059 0.00118466
-0.00899835 0.00121634
-0.0389977 0.0012027
-0.0211918 0.00126651
-0.0293995 0.00129488
-0.032221 0.00133602
-0.0495011 0.00139993
-0.0443638 0.00141976
-0.0444564 0.00155358
-0.0661163 0.00158393
