-0.0792408 0.00187114
-0.0549035 0.00178372
-0.0449728 0.00171939
-0.0443645 0.00162337
-0.0481557 0.00160458
-0.0268109 0.00159232
-0.0252088 0.00149215
-0.0170727 0.00143754
-0.0279198 0.00142775
-0.0154994 0.0014306
-0.00958148 0.00137134
-0.0161596 0.00137866
-0.0242543 0.00137915
-0.00986221 0.0013971
-0.0142924 0.00140949
-0.00846248 0.0014389
-0.0392053 0.0014252
-0.0214185 0.00150558
-0.0290907 0.00154403
-0.0319288 0.00158866
-0.0500514 0.00168259
-0.0448754 0.00170523
-0.0446757 0.0018637
-0.066248 0.00188958
