-0.000148506 0.0037354
-0.00289044 0.00344823
0.00526192 0.00319353
-0.00166643 0.0029917
1.04221e-05 0.00276891
0.00119844 0.00291288
0.00690476 0.00288933
0.0061439 0.00275945
-0.00339752 0.00271817
0.00300806 0.00288949
-0.000294783 0.00252776
0.00177611 0.00276255
0.00622491 0.00266057
0.00407616 0.00282396
0.00290377 0.00271476
0.00404166 0.00284537
0.0079411 0.00271605
0.00184821 0.00283806
0.00215644 0.00290886
0.000827156 0.00293468
0.002287 0.00313195
0.00201921 0.00302492
0.00253703 0.00298679
-0.00122637 0.00357595
