0.010113 0.00265536
-0.0109139 0.00271407
0.0132804 0.00258135
-0.0113953 0.00244561
0.0100532 0.00228509
-0.00622989 0.00236784
0.0116418 0.00224074
-0.011628 0.0022138
0.0130815 0.00214633
-0.00949714 0.0021834
0.00862394 0.00204472
-0.00922099 0.00216959
0.00784714 0.00210043
-0.0108538 0.00201216
0.0100722 0.00206032
-0.00810756 0.00194354
0.00958651 0.00205112
-0.0112206 0.00194842
0.011798 0.00201794
-0.0128798 0.00210243
0.00955061 0.0021164
-0.00827437 0.00209552
0.0138731 0.00210745
-0.0105125 0.00207537
0.0110624 0.0022097
-0.00862425 0.00227758
0.011519 0.00230233
-0.00675221 0.00247606
0.00679155 0.00248331
-0.0125041 0.00253574
0.00979864 0.00251999
-0.0124085 0.00252244
0.00986293 0.00264309
-0.00957599 0.00279283
