-0.000766674 0.00226119
0.000992517 0.00219247
-0.00146377 0.0021347
-9.51985e-05 0.0018816
0.0022325 0.00195614
0.000643649 0.00184026
0.00185176 0.00188567
-0.000390285 0.00174371
-0.00174617 0.00184139
-0.00056155 0.00178245
-0.00137181 0.00169298
0.00137759 0.00168985
-0.000419808 0.00168661
-0.00200365 0.0017557
0.000495739 0.00186455
0.0022573 0.0018196
0.000390543 0.00176801
1.02171e-05 0.00193399
0.00115986 0.00191691
0.000210369 0.00198316
-0.00164708 0.00214504
-0.00260142 0.00212419
-0.000539955 0.00212215
-4.52138e-05 0.00232028
