0.0101203 0.00241395
-0.0099996 0.00234474
0.011548 0.00224203
-0.00947552 0.00209061
0.0124037 0.00208847
-0.00884808 0.00201662
0.010805 0.00194041
-0.00814768 0.00192858
0.00834046 0.00186339
-0.00894125 0.00189893
0.00809747 0.00187184
-0.00881668 0.00183543
0.0089702 0.00179808
-0.00821897 0.00177278
0.00887694 0.00176163
-0.00926333 0.0018524
0.00856491 0.00188531
-0.00881391 0.00188924
0.0133867 0.00188781
-0.00962815 0.00188035
0.0106308 0.00205375
-0.00711344 0.00199095
0.0121417 0.00224905
-0.0129515 0.00218076
0.0104341 0.00224403
-0.0124055 0.00230597
0.00909666 0.00236019
-0.0102297 0.00239201
