0.0102886 0.00242539
-0.00890347 0.00222491
0.010507 0.00220874
-0.00992682 0.00202999
0.0137574 0.00204845
-0.0108047 0.00191533
0.0126874 0.00192385
-0.00972978 0.00188852
0.0113667 0.00185724
-0.0127607 0.00184597
0.00996084 0.00178906
-0.00994074 0.00175916
0.0116721 0.00174291
-0.010289 0.00173511
0.00893235 0.00183112
-0.0109328 0.00185691
0.0134148 0.00186694
-0.00822304 0.00181674
0.0115648 0.00188865
-0.00955971 0.00201385
0.0123952 0.00210405
-0.00956762 0.00214504
0.00760866 0.00221277
-0.0107395 0.00218569
0.00882693 0.00233961
-0.00994277 0.00238096
