-0.000343811 0.00241316
0.000872746 0.00234486
-0.000885015 0.00226571
-0.00147716 0.00203529
0.00374186 0.00210644
0.00094082 0.00197016
0.00193646 0.002018
-0.000669434 0.00187171
-0.0015228 0.0019456
-0.00149307 0.00192585
-0.000767954 0.00182461
0.000888187 0.00183393
0.000237332 0.0017984
-0.0012559 0.00187289
-0.000604432 0.00198754
0.00220679 0.001936
0.000154237 0.00187567
0.000616696 0.00206132
0.00153717 0.00208415
-0.000679232 0.00209366
-0.00133733 0.00233217
-0.0022821 0.0023223
-0.00110724 0.00228438
0.000308988 0.00245147
