0.00994922 0.00251091
-0.00974391 0.00246608
0.01214 0.00230965
-0.0111154 0.00225574
0.0113087 0.00209445
-0.00689272 0.00212009
0.00834969 0.00206049
-0.0067395 0.00200495
0.0091964 0.00199752
-0.00914716 0.0019312
0.00847292 0.0019622
-0.011479 0.00200474
0.0108834 0.00192535
-0.00978551 0.00183691
0.0108918 0.00188307
-0.0109781 0.00182034
0.0100836 0.00189646
-0.0115395 0.00194412
0.00975123 0.00200753
-0.00666954 0.00197863
0.0107947 0.00189765
-0.00854658 0.00202296
0.0111351 0.0021498
-0.0080463 0.00215933
0.0107297 0.00224837
-0.0116435 0.00227573
0.00740043 0.00242431
-0.0103821 0.00242346
0.00855191 0.00241376
-0.00941482 0.00255909
