0.0115844 0.00281294
-0.0129602 0.00286963
0.0132662 0.00276124
-0.00937409 0.00270862
0.0100538 0.00254074
-0.0103395 0.00238114
0.0153093 0.00249339
-0.00981214 0.00240001
0.0103616 0.00236293
-0.00636261 0.0022978
0.0127511 0.00236008
-0.0125565 0.00217719
0.0121322 0.00224949
-0.0124085 0.00222601
0.00870213 0.00225232
-0.0102967 0.00222418
0.0109652 0.00216242
-0.00767 0.00205494
0.010102 0.00214265
-0.0112633 0.00209693
0.0110121 0.00215291
-0.0121276 0.00214189
0.0101726 0.00226614
-0.0104068 0.00223311
0.0159892 0.00223896
-0.00879005 0.00223203
0.0104775 0.00220903
-0.0089558 0.0023886
0.0126157 0.00246764
-0.00789373 0.00241448
0.0112641 0.00266904
-0.00985217 0.00252085
0.00851099 0.0026331
-0.0105321 0.00273355
0.00796136 0.00277937
-0.0119774 0.00271418
0.0100317 0.00281965
-0.00987975 0.00297872
