-0.000412842 0.00587894
-0.0110811 0.00711357
0.00261804 0.00632496
-0.00617674 0.00538681
0.00610256 0.00673953
-0.00610672 0.00549048
0.00542376 0.00568588
0.00324652 0.00517283
-0.00379655 0.00545174
-0.00180302 0.00498635
-0.00627869 0.00444711
0.000979661 0.00502401
-0.00767553 0.00508284
-0.00312345 0.00540001
0.00465716 0.00563472
0.00198471 0.00545223
0.00700551 0.00466997
-0.00541615 0.00551618
-0.00402363 0.00633809
0.00504539 0.00598577
0.00128643 0.00656949
0.0018533 0.00766308
0.00275069 0.00665607
-0.00525113 0.00779628
