0.000777898 0.00271377
0.000357183 0.00269393
-7.16083e-05 0.00261359
-0.00166462 0.00230973
0.00561066 0.00239052
0.000384898 0.0022022
0.00126518 0.00227105
-0.000215302 0.0020797
0.000330538 0.00216107
-0.000997752 0.00222894
0.000723903 0.00199475
0.00101782 0.00207342
5.00346e-05 0.00212705
-0.000759865 0.0021626
-0.000509411 0.00224259
0.00161996 0.00217275
-0.000145445 0.00205925
0.00117637 0.00234437
0.000320611 0.00239012
-0.000852563 0.0023795
0.000752881 0.002533
-0.000751697 0.00268014
-0.00153167 0.0026422
-7.43515e-05 0.00292106
