0.000209439 0.00452719
-0.00521559 0.00473835
-0.00666583 0.00472169
-0.00428505 0.00378574
0.0116657 0.00465612
-0.0012245 0.00389368
0.00404976 0.00414041
-0.00376863 0.00383807
-2.05231e-05 0.00401289
-0.000813437 0.00359856
-0.00324028 0.00328986
0.00302888 0.00379891
-0.00305281 0.00353403
-0.00681189 0.00392494
0.00563688 0.00398222
-0.000527525 0.00383551
0.00332216 0.00338678
-0.00386257 0.00409126
-0.000676258 0.0043896
0.00382411 0.0042764
0.00159381 0.00427326
-0.00105122 0.00491306
-0.00309594 0.00476412
-0.00559162 0.00540654
