0.00895071 0.00236678
-0.00822287 0.00225369
0.00904684 0.00222199
-0.0091789 0.00195251
0.0119736 0.00203357
-0.00981825 0.00190952
0.0114932 0.00192371
-0.0110313 0.00179636
0.00813562 0.00186374
-0.0110754 0.00179851
0.00868685 0.00175002
-0.00809038 0.00171658
0.0087948 0.00173655
-0.0120292 0.00179987
0.00957296 0.00188727
-0.00733891 0.00185575
0.0108358 0.00181373
-0.00936996 0.00197584
0.0112679 0.00200521
-0.00911296 0.00208825
0.00797551 0.00223772
-0.0123592 0.00219269
0.00908922 0.00222932
-0.011126 0.00240502
