0.00408708 0.00278848
-0.00746779 0.00305947
0.00315318 0.00279544
0.00268989 0.00264197
-0.00116715 0.0026452
-3.11687e-06 0.00253871
1.14752e-06 0.00238846
0.00455861 0.0024916
0.00264805 0.00233454
-0.00427621 0.00234451
0.00411074 0.00239245
0.00338668 0.002272
1.43658e-05 0.00228442
-0.00361767 0.00222456
0.00470486 0.00220074
-0.00442142 0.00228043
-0.000693464 0.00234463
-0.000381335 0.00210722
0.000830026 0.00227703
-0.00102683 0.0022267
0.0021607 0.00207737
0.000569694 0.0021666
-0.00206181 0.00211419
0.00187331 0.00213496
-0.000995006 0.0022241
-0.000262074 0.00224347
-0.00170444 0.00229341
0.00151668 0.0022481
0.00404637 0.0022529
0.00102156 0.00225021
9.36939e-06 0.0022434
0.00187989 0.00228778
-0.00114185 0.00257183
0.00293221 0.00233928
0.00132716 0.00255069
0.00425228 0.00270614
-0.00260508 0.00254055
-0.00101544 0.00259101
-0.00155996 0.00276693
-0.00130908 0.0026646
-0.000996911 0.00284342
-0.00116897 0.00262195
0.000309056 0.00307766
-0.000569627 0.0028969
