-0.000353786 0.00211811
0.00169103 0.00202236
-0.000204085 0.00198755
0.00111055 0.00173793
0.00236852 0.00180846
0.000780717 0.00170824
0.0022296 0.00172577
-0.000721026 0.00160437
-0.00129976 0.00169696
-0.000872825 0.00162315
-0.000731628 0.00157756
0.00211529 0.00156868
-0.000154333 0.00155286
-0.001739 0.00162777
0.000431571 0.00171847
0.00249297 0.00168209
0.00092879 0.00162353
0.000720683 0.00179625
0.00245274 0.00178459
0.00107205 0.00187507
-0.00139888 0.00196823
-0.00194649 0.00198271
-0.000477353 0.00196222
-0.000294384 0.00215248
