0.0135822 0.00295874
-0.01695 0.00310475
0.0128369 0.00289495
-0.00639714 0.00277
0.00773994 0.00280052
-0.00834607 0.00258936
0.0111329 0.00250309
-0.0065022 0.00261333
0.0106761 0.00255681
-0.0111841 0.00240111
0.0140192 0.00241782
-0.00867879 0.00241282
0.0091921 0.00236969
-0.0094477 0.00226482
0.00916479 0.00239095
-0.0111932 0.0023031
0.00818557 0.00228289
-0.00768362 0.00228133
0.00700624 0.00233181
-0.00741955 0.00211577
0.0105771 0.00225338
-0.0121301 0.00217186
0.0108774 0.00226299
-0.00917231 0.00229811
0.00858643 0.00228338
-0.0112322 0.00238997
0.0118622 0.00234452
-0.00657285 0.00239513
0.0116722 0.00225645
-0.00919314 0.00235873
0.0103113 0.00253528
-0.00699806 0.00252062
0.0116198 0.00249429
-0.00831164 0.00272004
0.0101881 0.00265843
-0.0128644 0.00281119
0.00813765 0.00291422
-0.00994723 0.0027574
0.00895455 0.00289161
-0.0113642 0.00284591
0.0095266 0.00310361
-0.00981239 0.00307702
