0.00119877 0.00332886
0.00087811 0.00348311
-0.00659142 0.00323163
-0.00361052 0.00278562
0.00705875 0.00315217
0.000143732 0.00280183
-0.000576383 0.00286941
-0.00160425 0.00255209
0.00128793 0.00280132
-0.000909924 0.0027247
0.00148612 0.00243092
0.000959076 0.00261084
0.000146786 0.00254449
-0.00132416 0.00266329
0.00152559 0.00269102
0.000631657 0.00264902
0.00121703 0.00255892
-0.000243477 0.00289717
-6.3305e-05 0.00291041
-0.000833268 0.00297904
0.00167684 0.00315179
0.00104873 0.00335119
-0.00278516 0.00314633
0.000224301 0.00364563
