0.00167705 0.00261397
-0.00326901 0.00269373
0.00279301 0.00258899
0.000402726 0.00251522
0.000293616 0.00234613
-0.000477716 0.00220235
0.00490454 0.00234716
-0.00023959 0.0022111
0.000294259 0.00218151
0.00387366 0.00214655
0.00236326 0.002201
-0.00272736 0.00202951
0.00215911 0.0020844
-0.00272112 0.00211043
-0.00168779 0.00210221
-0.000593706 0.00210364
0.000741367 0.00201925
0.00182416 0.0019357
0.000119518 0.00201102
-0.00140499 0.00198098
0.00132344 0.00200715
-0.00247174 0.00201127
0.000312561 0.00212766
-0.000593047 0.00210213
0.00551583 0.00207927
0.00014352 0.00211133
0.000514175 0.00204256
0.000489145 0.00227905
0.00271956 0.00227702
0.00253396 0.00225166
0.00105582 0.00247738
-0.000175229 0.00235317
-0.00181624 0.00240376
-0.000780228 0.00256321
-0.00167894 0.0025715
-0.00206508 0.00253949
-0.000310198 0.00260052
0.000223222 0.00276098
