-0.000942009 0.00251181
-3.48959e-05 0.0025371
-0.00119655 0.00241288
-0.00229744 0.00216918
0.00581589 0.00225483
2.43883e-05 0.00210166
0.00111675 0.00210462
-0.000911588 0.0019618
0.000128051 0.00206421
-0.000849384 0.00205981
-0.000897033 0.00191414
0.00162185 0.00195368
-7.53439e-05 0.00193744
2.1015e-05 0.00197277
-0.00068227 0.002092
0.00206197 0.00202783
-0.000327653 0.00196861
0.000117938 0.00219727
0.00148393 0.00219377
-0.000447664 0.00222417
-0.00163344 0.00244339
-0.00294999 0.00244854
-0.000842529 0.00244435
-0.000496401 0.00266814
