-0.00131719 0.00202481
0.00295926 0.00189199
-0.000512653 0.00182055
0.00227663 0.00170767
-0.000647595 0.00164132
0.00373076 0.00163924
-0.00206738 0.00157806
0.000254447 0.00158521
-0.000432401 0.00155025
-0.000212168 0.00156677
0.00126465 0.00148156
-0.000102359 0.00148873
-0.000672764 0.001575
-4.24038e-05 0.00159488
0.00263501 0.00158353
0.000929443 0.00159739
0.00126678 0.0017118
0.00260265 0.00183562
-0.0017997 0.00178829
-0.00137527 0.00190627
-0.00113847 0.00189002
-0.000110215 0.00206606
