0.0143788 0.00298524
-0.0171148 0.00322371
0.0134118 0.0029702
-0.00670464 0.00281586
0.00892497 0.00285407
-0.0101492 0.00269061
0.0101612 0.00258923
-0.00487747 0.00261532
0.0130615 0.00253468
-0.0142511 0.00249573
0.0140155 0.00256099
-0.00657806 0.00240633
0.0100736 0.00243905
-0.0132727 0.00236402
0.0144137 0.00235608
-0.0141 0.00239453
0.00982891 0.0024796
-0.00997448 0.00224163
0.0109675 0.00238568
-0.0106416 0.00234571
0.0124955 0.00220573
-0.00923626 0.00228063
0.00802088 0.00224484
-0.00829305 0.00225929
0.00907013 0.00237594
-0.0100823 0.00235089
0.00802576 0.00241456
-0.00817365 0.00237111
0.0146069 0.00241031
-0.00799813 0.00236046
0.0100146 0.00239716
-0.00773537 0.00240931
0.008912 0.00272909
-0.00718819 0.00249656
0.0112793 0.00272688
-0.00536262 0.00285366
0.00765683 0.00272795
-0.0107832 0.0027746
0.00855088 0.0029615
-0.0107723 0.00282183
0.00860459 0.00301961
-0.0109695 0.00281828
0.00981432 0.00327911
-0.0102909 0.00310322
