0.000165468 0.0022842
-0.000125196 0.0022527
0.00156591 0.00210394
0.000702451 0.00198122
0.00215445 0.00197864
0.00101133 0.00191766
0.000974641 0.0018274
0.00181444 0.0018435
-0.00164497 0.00176161
0.00103109 0.00181851
-0.00208273 0.0017763
0.001059 0.00176866
-0.000980875 0.00170665
0.00166585 0.00170675
-0.00101358 0.00167012
0.000684037 0.0017774
-0.00131933 0.00179787
0.00107672 0.00180694
0.00283449 0.0018002
0.000234515 0.00179516
0.000755699 0.00195743
0.00310686 0.0018923
0.00217735 0.00213265
-0.00306761 0.00207171
0.000375961 0.00211305
-0.00246169 0.00221366
-0.000861511 0.00222003
-1.92819e-05 0.00226696
