0.001594 0.00302341
0.0013465 0.00311684
-0.00365688 0.00294343
-0.00214937 0.00249966
0.00754672 0.00280799
-0.000394448 0.00243637
0.00203181 0.00252196
-0.000972298 0.00233795
0.000733554 0.00240687
-0.00123853 0.00248713
-0.000241275 0.00220205
0.00069779 0.00230963
-0.00127274 0.00232267
-0.000735047 0.00241805
0.000974324 0.00243222
0.000949447 0.00240449
0.000625102 0.00231486
0.00200055 0.00263314
0.000414104 0.00259273
-0.00124078 0.0026188
0.00138857 0.00286405
-0.000828467 0.00302786
-0.00247887 0.00287724
0.00161401 0.00326445
