0.00327693 0.00298648
-0.00575735 0.00305233
0.00236185 0.00286006
0.00297949 0.00279004
-0.000951351 0.00267693
-0.000405638 0.00262405
0.00080839 0.00245494
0.00360835 0.00263421
0.0031467 0.00250073
-0.000736586 0.00247117
-0.000830238 0.00238123
0.00467447 0.00235176
0.00200712 0.00235454
-0.00117924 0.0023356
-0.0019843 0.00219221
0.00209813 0.0023926
-0.00236083 0.00228593
-0.00186356 0.00233283
-0.000120822 0.00221641
0.00161995 0.00228172
-0.00228908 0.00225433
0.00264121 0.0021312
0.000665596 0.00222731
-0.000730405 0.00214887
0.000805962 0.00218423
-0.000504555 0.00222756
-0.00189924 0.00232381
-0.00150342 0.00234175
-0.000207232 0.00235402
0.00508108 0.00226582
0.00324474 0.00242792
-0.00125075 0.0022286
0.000971886 0.00237273
0.000104457 0.00254121
0.00289883 0.00248014
0.00357836 0.00238596
-0.000463033 0.00260909
0.00255655 0.00266962
-0.00226796 0.00273286
-0.00152196 0.0026259
-0.000162453 0.00282027
-0.00241309 0.00289921
-0.0013971 0.0027851
-0.000907956 0.00280105
0.000323389 0.00314172
-0.000696656 0.00292223
