-3.5758e-05 0.00388191
-0.00114104 0.00384053
-0.0052705 0.00376452
-0.00388111 0.00311296
0.0093872 0.00371431
0.00021254 0.00326494
0.000400965 0.00338293
-0.00100248 0.00305789
0.000358339 0.00310474
-0.0011754 0.00319976
0.000163646 0.00277058
0.00163822 0.00306079
0.00022946 0.00288559
-0.00289054 0.00311896
0.00374398 0.00314709
-0.00106888 0.0030553
0.00276501 0.00292102
-0.00138667 0.0032634
0.00276568 0.0033763
0.00121413 0.00348041
0.00197024 0.00363215
-0.00236565 0.00397072
-0.0027364 0.00365436
-0.000393574 0.00428894
