-0.0914099 0.056014
-0.0544285 0.0674848
-0.0914099 0.056014
-0.0115288 0.0644049
-0.105079 0.0452995
-0.0738961 0.0446752
-0.0562538 0.0456774
0 0.448165
-0.00336516 0.0462191
-0.0973821 0.0460559
-0.0743956 0.0441519
-0.0743956 0.0441519
0 0.448165
0 0.448165
0 0.448165
-0.04787 0.0519931
-0.145234 0.0508935
-0.0532386 0.0636997
-0.0437226 0.0615852
0 0.448165
0 0.448165
0 0.448165
-0.0233796 0.0607142
0 0.448165
-0.110343 0.0673365
-0.118102 0.0792649
-0.0179554 0.0775623
-0.122448 0.443955
-0.122448 0.443955
0 0.448165
0 0.448165
-0.0685452 0.0285386
-0.0858502 0.0340887
0 0.448165
0.00384883 0.0633334
-0.0603929 0.0469358
-0.0955958 0.0660237
-0.0879051 0.0369756
-0.0768046 0.0365552
-0.0211332 0.0446184
-0.0681865 0.0448413
-0.0693866 0.0288157
-0.0931385 0.0391811
0.0364935 0.0836719
-0.037835 0.0416676
-0.0684942 0.0641873
-0.154224 0.0496352
-0.0608181 0.0451977
-0.0130692 0.0438666
-0.0876815 0.0613348
-0.0386297 0.0440071
0.0257414 0.0581565
-0.0334669 0.0433898
-0.114601 0.075086
-0.0592181 0.0493757
-0.108821 0.0748936
0 0.448165
-0.0433553 0.0861302
-0.11381 0.0387949
-0.162264 0.0456877
0.00181504 0.0733574
-0.0248278 0.0746951
-0.0441864 0.0670296
0 0.448165
0.0118903 0.0457678
-0.0315004 0.0310039
-0.0416877 0.0332514
-0.0887895 0.0371815
-0.0458673 0.0364917
0 0.448165
-0.0691369 0.0459748
-0.0622579 0.0633716
-0.0867634 0.0648085
-0.0455259 0.0325287
-0.000449119 0.0445032
-0.168315 0.0632914
-0.0347865 0.0499786
-0.0685342 0.0400917
-0.0323603 0.0520959
-0.0142784 0.0645978
-0.00247912 0.0447314
-0.0520936 0.036132
-0.0401778 0.0316542
-0.131224 0.0410294
-0.065751 0.0659011
-0.0352648 0.0489976
0.0163013 0.0317141
0 0.448165
0.0187668 0.048517
0 0.448165
0.0465869 0.0461258
-0.161378 0.043025
0.0101702 0.0428345
-0.0503728 0.0629489
-0.0503728 0.0629489
-0.0469617 0.0359046
-0.0433554 0.0631373
-0.125626 0.0605448
-0.0575657 0.0368038
-0.0274827 0.0431893
-0.0712959 0.0287539
-0.0377909 0.0620882
-0.0920182 0.0450557
-0.0670198 0.0659748
-0.0290144 0.0371502
0.000307232 0.0449759
0.00227891 0.0646272
-0.0206569 0.0397022
-0.0518675 0.0370187
-0.0534131 0.0435153
-0.0178782 0.0441068
-0.0452843 0.0682686
-0.100012 0.031429
-0.00809779 0.0366587
0.0196543 0.0582318
-0.0695753 0.0448665
-0.0870802 0.0319885
-0.0704931 0.0302863
-0.121388 0.0381273
-0.0324801 0.040889
-0.0152586 0.0644594
-0.0321128 0.0455602
0.00933117 0.0331203
-0.0599856 0.0388614
0 0.448165
0.00638658 0.0391797
-0.0614132 0.0300835
-0.0906539 0.0480355
-0.0258641 0.0272958
-0.0379118 0.0637134
-0.0701357 0.0259562
-0.0141694 0.0433878
-0.0798809 0.0453265
-0.0323195 0.0241603
-0.0756859 0.0317201
-0.0401283 0.0355025
-0.0585577 0.0625987
-0.0599029 0.0446928
0 0.448165
-0.105618 0.0462855
-0.0225212 0.0592295
-0.00531122 0.0339389
0 0.448165
-0.0265263 0.0265084
-0.0401655 0.0354448
-0.024937 0.0271491
-0.0994298 0.0360678
-0.0465502 0.0454257
0.00542253 0.0390721
-0.0196981 0.0257395
-0.0674778 0.0309276
-0.0140785 0.0644024
-0.0151603 0.065712
-0.0266226 0.0466977
-0.135988 0.0514143
-0.125759 0.0351922
-0.0993438 0.0377278
-0.121991 0.0326737
0.0866754 0.0597362
-0.0803313 0.0367924
-0.00308606 0.0428255
0.0121215 0.0229312
-0.0585031 0.0356471
-0.0252754 0.025389
-0.0262949 0.0306491
0.0208873 0.041604
-0.0638655 0.0310719
0.0312569 0.0440577
-0.0726132 0.0611397
-0.00348637 0.0425534
-0.00751704 0.034646
-0.00118553 0.0395518
-0.0249186 0.0268301
-0.0653151 0.0262907
-0.045806 0.0419164
0 0.448165
0 0.448165
-0.0283617 0.0246782
-0.034001 0.0215491
-0.0663437 0.0428012
0.00610767 0.0637277
-0.0413633 0.0473567
-0.0601099 0.0255951
-0.0166681 0.0312506
0.000952977 0.0352214
-0.0615433 0.0453056
-0.0765439 0.0416293
-0.0330218 0.0355072
0.0427989 0.0350173
0.0454116 0.036542
-0.0275636 0.0450809
-0.096788 0.0613148
-0.0714886 0.0430793
-0.0564894 0.0350929
-0.0178006 0.0308687
-0.018874 0.0300495
0.0488417 0.0580377
-0.101384 0.0436043
-0.0152042 0.0257367
-0.0490364 0.0361731
-0.0901379 0.036404
-0.0283283 0.0449133
-0.0432987 0.0311068
0 0.448165
0 0.448165
0.0604397 0.0247252
-0.038111 0.0247556
-0.0152571 0.0426026
-0.0226688 0.0272107
-0.00459011 0.0344485
0.00259995 0.0245245
-0.011711 0.0227706
-0.0244374 0.0275489
0.0312555 0.0332206
0.00761127 0.0261618
-0.0695911 0.0363161
-0.043253 0.0429135
-0.10454 0.0454394
-0.0236594 0.0380737
0.0163868 0.0342565
0.0393268 0.0291569
-0.0601755 0.0356415
0 0.448165
-0.0818296 0.0434639
-0.0158592 0.0200467
-0.0320749 0.0257909
-0.0127889 0.0269427
-0.0293752 0.0271265
-0.0394589 0.0203429
-0.0403958 0.0304598
0.00210798 0.0355243
-0.0186812 0.0345599
-0.0207863 0.0345133
-0.0203823 0.0355305
-0.025215 0.026801
-0.0386509 0.0589872
0.00865441 0.0240574
-0.0187766 0.0299633
0.0138496 0.0286152
-0.024829 0.0308173
-0.0383395 0.0348037
-0.0259345 0.0265817
-0.00726333 0.0246563
0.0156742 0.0263035
-0.0512048 0.0306073
-0.0333312 0.0446686
-0.0228617 0.0594343
-0.026528 0.0343031
0.0133919 0.0305527
0.0232466 0.0463639
-0.078387 0.0453583
-0.0715693 0.0468404
-0.0713672 0.0596414
-0.00786372 0.0428917
0.0300785 0.0615065
-0.00658897 0.0346018
-0.00184768 0.0271515
0.00595629 0.0335129
-0.0397978 0.025107
-0.01828 0.0612939
-0.00874507 0.0268876
-0.0438396 0.0271396
-0.00322246 0.0305617
-0.0924614 0.0624996
0.0193862 0.0339024
-0.0356195 0.0275075
0.0214219 0.0201791
-0.0430164 0.0249454
-0.000261043 0.0263823
-0.0423489 0.0302118
-0.0620473 0.0206731
-0.00709277 0.030136
0.00684665 0.0407501
-0.0408211 0.0249043
-0.0117455 0.03365
-0.0484712 0.0344946
-0.079957 0.0355382
0.0485607 0.028524
-0.0150782 0.0606936
0.00398465 0.0346098
0.0327974 0.0294182
0.00576822 0.0284854
-0.0623244 0.0390347
-0.0499829 0.0655023
0 0.448165
-0.0458013 0.0307074
-0.0214569 0.036839
-0.078511 0.0324773
-0.0174042 0.0368354
-0.0020514 0.0294869
-0.0706068 0.0246839
0.039311 0.0282614
0.0296497 0.0342145
-0.0688839 0.0353611
0.0185908 0.056812
-0.0686423 0.0266435
-0.0153154 0.0414275
-0.017948 0.0301527
0.00868801 0.0409729
0.0212284 0.0397229
0.00225731 0.0290738
-0.0303035 0.0247873
-0.00470454 0.0300455
-0.0359706 0.0251752
0.0119137 0.0407541
-0.0225103 0.0432026
0.035651 0.0231436
0.0283933 0.0397085
-0.0797205 0.0343174
-0.00790913 0.0348741
-0.0159061 0.0343044
0.0192847 0.0410115
-0.0293148 0.0347397
0.071626 0.0546682
-0.0425382 0.0414617
-0.0347203 0.042786
-0.0372049 0.035546
0.00336506 0.0300507
-0.0517269 0.0229685
-0.0682718 0.0434036
-0.0114034 0.0260948
0.0673472 0.0311372
0.0269618 0.0325095
0.0236228 0.0245294
-0.0300386 0.0339919
0.00120947 0.0245128
-0.0308516 0.0249699
-0.00839636 0.0259438
0.0900331 0.0366259
-0.0283894 0.0425932
0.00438091 0.0288752
-0.0397901 0.0269122
-0.0277718 0.0350171
0.0106192 0.0287641
-0.0555558 0.0250535
0.0125311 0.028636
-0.0162755 0.0601642
-0.0283354 0.024592
-0.0236054 0.0263628
0.0315776 0.0214764
-0.00426694 0.0195249
-0.0965779 0.0594077
0.0112759 0.0230893
-0.0155273 0.0223458
0.0220439 0.0222832
-0.00420697 0.0415168
0.017343 0.0336577
-0.0708742 0.0331735
-0.0235512 0.0437627
0.0188701 0.022518
0.000481751 0.0414764
0.0141064 0.0196783
-0.0507452 0.0349853
0.0296726 0.0534266
-0.0101864 0.0285188
-0.138146 0.0579551
-0.0424658 0.0355285
-0.0415555 0.024471
-0.0304401 0.0428434
0.0292548 0.0278146
-0.00478719 0.029215
0.0211639 0.0333049
-0.0123855 0.0339943
-0.114909 0.0603933
0.0031466 0.0425551
-0.00408148 0.019825
-0.0055166 0.0227888
0.0168202 0.0239839
-0.0212868 0.0305051
0.00810926 0.0295867
-0.0280965 0.0419071
-0.0493543 0.0302588
0.0177029 0.0265194
-0.0140583 0.0352821
-0.0503717 0.0424208
-0.0549646 0.0310815
-0.0578399 0.0588541
-0.00852293 0.0448132
0.02939 0.0297461
-0.0253434 0.0304476
0.0168327 0.0332721
-0.0873535 0.0314817
-0.0198306 0.0352828
0.00599646 0.0426997
-0.0471212 0.0310002
0.0125194 0.0260002
-0.0508658 0.0355262
0.0229362 0.0240558
-0.0188882 0.0230268
-0.0608646 0.0430639
0.000332326 0.0262766
0.0321647 0.0297119
-0.0838339 0.0586123
-0.0201665 0.0297799
-0.0105027 0.0240765
0.0135695 0.0212958
0.00916058 0.0242033
-0.0773581 0.0223097
0.0275836 0.0322652
0.0226946 0.0298749
-0.0551653 0.0274801
-0.0298676 0.0304519
-0.0185538 0.0349627
-0.0144105 0.0294919
-0.112964 0.0610519
-0.0140758 0.0303098
0.0506669 0.045385
-0.0853386 0.0359407
-0.0201029 0.0599062
-0.0146412 0.0294845
-0.0642171 0.0366801
0.0373655 0.0367124
-0.0767541 0.0326061
-0.0379887 0.0309792
-0.085635 0.0281892
-0.0351992 0.0410288
0.0506491 0.0242349
-0.0828852 0.0446182
-0.0305816 0.0427759
0.0840303 0.0384351
0.00845269 0.0265398
-0.013212 0.0294105
-0.0725687 0.0422776
0.0044063 0.0330344
0.00844281 0.024397
-0.037008 0.0263084
-0.0225948 0.0343024
0.037003 0.0201705
-0.000161716 0.0339859
-0.0427518 0.0246777
-0.0693626 0.0350776
-0.0337044 0.0628681
0 0.448165
-0.0246912 0.05803
-0.00295785 0.0276766
0.0233036 0.0303527
-0.0460705 0.0305384
0.0127251 0.042414
-0.00655653 0.0300273
0.0149904 0.0257088
-0.0234312 0.0300538
0.114813 0.0502274
0.0164675 0.0263324
0.0439259 0.0472417
-0.144996 0.0612647
0.0361918 0.0343996
-0.00830244 0.0270334
-0.00533142 0.0247839
-0.0200537 0.0271805
-0.0263896 0.0266885
0.0408728 0.0237067
-0.0708216 0.042502
-0.0882696 0.0432462
-0.010745 0.026646
-0.0677273 0.0431497
0.00645097 0.0413354
-0.03142 0.0346649
0.0121191 0.0224788
-0.033513 0.0303577
0.0162007 0.0340555
-0.0318518 0.020468
0.0693889 0.0316545
-0.0574669 0.0323145
0.014478 0.0452459
-0.0955975 0.0484054
0.0526009 0.0393544
-0.0201771 0.0270261
-0.0596641 0.0202338
0.00381424 0.0610914
0.0672107 0.031965
0.0170049 0.0340387
0.0149669 0.0259121
0 0.448165
0.0304533 0.0599747
0.0840593 0.0516518
-0.0991492 0.0657116
-0.0400221 0.0590833
-0.0627924 0.024885
-0.0377237 0.025001
0.0228136 0.0209982
-0.0571251 0.0235047
-0.0202557 0.025586
-0.0217164 0.0221817
-0.0368473 0.0420225
-0.0543783 0.0275868
-0.0134684 0.0430095
0 0.448165
0.0319394 0.0600818
-0.0337807 0.0307846
-0.00250098 0.0245174
-0.0218901 0.0272797
-0.0311155 0.0265381
-0.00467728 0.0303207
-0.00546847 0.0310839
0.0287794 0.0672062
-0.074112 0.0378095
-0.0760556 0.061138
-0.0739647 0.0437447
0.061019 0.0320911
-0.018583 0.0254387
0.0212426 0.0343025
-0.0361205 0.0343892
-0.0680826 0.0232185
-0.0643207 0.0365341
0.00487655 0.030154
-0.0662626 0.0642061
0.000808553 0.0423771
-0.0729468 0.0442415
-0.0503366 0.0440588
0.0777919 0.0416921
0.0391761 0.0278856
0.00945154 0.0221056
-0.00817155 0.0304914
0.0235464 0.0229477
-0.00384832 0.0610899
-0.0251461 0.0352478
-0.036752 0.0256808
-0.0618824 0.0441704
-0.0748567 0.0314245
-0.0163346 0.0313251
-0.0453917 0.0444422
0.00243784 0.0225494
-0.0474228 0.0311522
-0.0509666 0.0272756
-0.0484591 0.0217222
-0.0548262 0.0285271
0.00513469 0.0266617
-0.118622 0.0359371
-0.0306768 0.0315729
0.0164277 0.0622068
-0.133818 0.061264
-0.0584864 0.0449343
-0.0471854 0.0454015
-0.0518751 0.0646891
0.0254714 0.0355747
-0.0359285 0.0236225
-0.0141984 0.0305879
-0.0331945 0.0218185
-0.0335797 0.0381304
-0.0713222 0.0288388
-0.099967 0.0431659
0.0186702 0.0297402
-0.0832834 0.0353224
-0.0373324 0.034543
-0.0596889 0.0253638
-0.0543223 0.0278051
-0.000660326 0.0356267
-0.0277803 0.0435841
-0.00511885 0.0251646
0.0509354 0.0334577
-0.0430854 0.0355642
-0.0875821 0.0662919
-0.0743452 0.0629005
-0.00572348 0.03333
0.0192044 0.0219705
-0.0549125 0.0613374
-0.0216526 0.0304785
-0.00584926 0.0312975
-0.0476148 0.0271333
0.0159964 0.0425169
0.103635 0.0569063
-0.0101657 0.0278005
-0.0250346 0.0272908
-0.0124824 0.0302538
0.0109896 0.0445904
-0.0991923 0.043168
-0.0164732 0.0295087
0.000457742 0.059898
-0.0784711 0.0352378
0 0.448165
0.0113095 0.0239868
-0.0267139 0.0253327
-0.0149188 0.031788
-0.0678966 0.0350846
-0.025696 0.0299049
0.0203173 0.0230009
-0.0140768 0.043284
-0.088192 0.0626764
-0.0826815 0.0429366
-0.043679 0.0270142
-0.0360815 0.0353797
-0.0533642 0.027771
0.0305035 0.029522
-0.0449577 0.0357649
-0.036671 0.0433191
-0.0189079 0.0269691
-0.013336 0.0226189
0.00204155 0.0348325
-0.0190998 0.0600554
-0.0883436 0.0264644
-0.0544319 0.0442519
-0.0482115 0.0276413
0.018215 0.0225887
-0.000166547 0.0589196
-0.0634965 0.0256377
-0.00703144 0.0271144
-0.0703928 0.0637697
-0.036052 0.0294136
-0.0354579 0.0310034
-0.0142646 0.0308836
-0.0156456 0.0349186
0.00298497 0.0347054
-0.027315 0.0352366
-0.0309083 0.0305661
0 0.448165
-0.100103 0.0360661
-0.0200192 0.0452523
0 0.448165
0 0.448165
-0.0205993 0.031741
-0.0310655 0.0437591
0.0394533 0.0349284
-0.0338876 0.0316874
-0.0706236 0.0360242
-0.0783328 0.0363794
-0.0235543 0.0444171
-0.0343949 0.0434007
-0.00459046 0.0355291
-0.0616002 0.0307993
-0.0684823 0.0283076
-0.0296895 0.0368634
-0.0576029 0.0282821
-0.047138 0.0282372
-0.0190383 0.0356137
-0.020207 0.0345162
-0.0762833 0.0429983
0 0.448165
-0.0460526 0.0254445
-0.0394898 0.028678
0 0.448165
-0.0141566 0.0446718
-0.0337759 0.0373898
-0.128696 0.0439466
0 0.448165
-0.0051883 0.0215579
-0.0291099 0.0425858
0 0.448165
0 0.448165
-0.0573716 0.0258066
-0.0187557 0.0268175
-0.0958347 0.0363878
0.0291063 0.0578979
-0.0315128 0.0609671
0 0.448165
-0.0315128 0.0609671
-0.0873691 0.025319
-0.0458322 0.0259762
-0.0169428 0.0494957
0 0.448165
-0.0441952 0.0279313
-0.134678 0.0349267
-0.0557565 0.0289422
-0.0634229 0.0372789
-0.0949116 0.0654301
-0.0336186 0.0308511
-0.0561669 0.0311326
-0.0349592 0.0431564
-0.0395123 0.0365147
-0.0501423 0.0368773
-0.0361372 0.0614381
-0.123536 0.0471489
0 0.448165
-0.042596 0.0441053
-0.073064 0.0325096
-0.0613787 0.0646149
-0.0878775 0.0352262
-0.0449134 0.0614175
0.0150613 0.0326781
-0.0373027 0.0617145
-0.150363 0.0379568
-0.0422788 0.0628186
-0.0379548 0.0284082
-0.0832956 0.061511
-0.00851122 0.0465332
0 0.448165
0 0.448165
-0.150578 0.0586162
0.0445796 0.0429197
0.0166236 0.0322019
-0.0345945 0.031833
-0.0165562 0.029881
0.00519993 0.0598516
-0.0341722 0.0441819
-0.165273 0.0582413
-0.078536 0.0284442
0.0031486 0.0305217
0.00381063 0.0436114
-0.0652118 0.0443388
-0.0159215 0.0276415
-0.0301969 0.0613201
-0.0361372 0.0614381
0 0.448165
-0.0417101 0.0370914
-0.0941652 0.0635059
-0.0328833 0.0439962
-0.0626135 0.029305
0.00141744 0.0374999
0 0.448165
-0.0912528 0.0321231
-0.0944766 0.0369033
-0.0339774 0.0371052
-0.0562349 0.0372602
-0.100721 0.0255192
-0.0705087 0.0462035
-0.0589868 0.0625457
-0.0342472 0.049637
-0.0714167 0.0404587
-0.0589301 0.0658833
-0.0833268 0.0489136
-0.0987152 0.0648206
-0.081846 0.062922
-0.0727352 0.0352988
-0.0457261 0.0369647
-0.0446166 0.0617774
-0.0185351 0.0368989
-0.0422014 0.0313138
-0.0189715 0.0630252
-0.0836027 0.0604936
-0.0728428 0.028049
-0.047775 0.0627128
-0.0504734 0.0241332
0 0.448165
0 0.448165
-0.0898183 0.040546
-0.0631745 0.0368692
-0.0773089 0.0635642
-0.0403572 0.0285215
0.0385025 0.0415933
-0.0687721 0.0365111
-0.096637 0.0623619
0 0.448165
-0.0370497 0.0345302
-0.044906 0.02631
-0.0752898 0.0447224
-0.0255835 0.0464646
-0.0258588 0.065121
0 0.448165
-0.0447869 0.0275386
-0.0527604 0.0674134
-0.0420838 0.0570157
0 0.448165
-0.107189 0.0532476
-0.050477 0.0428707
0 0.448165
-0.0494602 0.0619129
-0.1014 0.0646821
-0.0444406 0.0623927
-0.0365423 0.0448314
-0.102569 0.0663368
-0.0706929 0.0474288
0 0.448165
-0.0577962 0.0640792
0 0.448165
-0.0658097 0.0450004
-0.108817 0.0645438
0.0230949 0.0594256
-0.0554531 0.036256
-0.0659864 0.0446975
-0.150461 0.0483695
-0.0435266 0.0639526
0.0062569 0.0729331
-0.0542446 0.065837
-0.0732986 0.0379528
-0.0816538 0.0640364
0 0.448165
0 0.448165
-0.0503583 0.0367508
-0.0918636 0.0638196
