-0.071954 0.0181016
-0.0592123 0.0147376
-0.0769455 0.00931607
-0.0690884 0.0152805
-0.0928115 0.00820436
-0.0598686 0.0157862
-0.0590364 0.0128332
-0.066842 0.0165671
-0.0759841 0.0187085
-0.0802707 0.0199207
-0.0690168 0.0180462
-0.0618402 0.014605
-0.103176 0.00960831
-0.0862428 0.00843611
-0.093377 0.00846519
-0.094584 0.00744088
-0.0792045 0.0187707
-0.0522877 0.0173379
-0.078937 0.00889329
-0.0735468 0.0161396
-0.0837503 0.0090294
-0.0927979 0.0081832
-0.0836648 0.0204209
-0.0870048 0.0083242
-0.0772694 0.0206889
-0.0524625 0.0141764
-0.0714723 0.0243199
-0.0863782 0.00896249
-0.124394 0.00844933
-0.118868 0.00858783
-0.0684167 0.0145905
-0.0337115 0.00947138
-0.0595075 0.0133736
-0.0283223 0.0105375
-0.0395776 0.0104282
-0.0302776 0.0107293
-0.0986752 0.00855213
-0.0663915 0.014942
-0.0575239 0.013506
-0.0302413 0.00950259
-0.0362305 0.011195
-0.0273222 0.0112576
-0.0682476 0.0134204
-0.0263218 0.00948714
-0.0526596 0.0119037
-0.0810185 0.0171931
-0.0961617 0.00813791
-0.0430002 0.0104163
-0.0171165 0.00935659
-0.0362955 0.0102384
-0.0685116 0.019528
-0.0267706 0.00935466
-0.000946508 0.00814246
-0.0928503 0.0073888
-0.0542256 0.0133721
-0.0811376 0.00820883
-0.0735631 0.0170767
-0.0730409 0.0116895
-0.0278497 0.0103476
-0.0898471 0.00790615
-0.0772241 0.0186603
-0.0899017 0.00867656
-0.0186194 0.0085064
-0.0689715 0.0178497
-0.0695854 0.0179016
-0.0306079 0.0116408
-0.0279855 0.00907846
-0.066985 0.0154433
-0.055139 0.0127688
-0.0371934 0.0104877
-0.0460551 0.00972555
-0.0486962 0.011798
-0.0467452 0.011375
-0.0546865 0.0141805
-0.0226633 0.00968331
-0.0704796 0.0172665
-0.00968617 0.00767857
-0.025244 0.00918986
-0.067354 0.0147849
-0.0193214 0.0106287
-0.0505992 0.0131761
-0.0500607 0.0104986
-0.0423028 0.0100836
-0.0554645 0.0127368
-0.0599615 0.0132923
-0.0496752 0.0126454
-0.0225119 0.00930795
-0.0540849 0.0121997
-0.0419578 0.0109841
-0.0540723 0.0128871
-0.0278766 0.00927944
-0.0780194 0.0143062
-0.0336854 0.00996168
-0.0181182 0.00943988
-0.0544687 0.0123565
-0.0377667 0.00907625
-0.0508753 0.0121701
-0.0546521 0.0125481
-0.0503507 0.0105423
-0.0409232 0.00924382
-0.046742 0.0103698
-0.0187023 0.0080718
-0.046954 0.0105324
-0.0697325 0.0118866
-0.0301167 0.00856446
-0.0197609 0.00889115
-0.0715381 0.0153712
-0.0178178 0.00844283
-0.0303208 0.00882692
-0.0678371 0.0123464
-0.0188986 0.00787113
-0.0166456 0.00929453
-0.0719645 0.0153585
-0.0213259 0.00882299
-0.0437513 0.0115193
-0.0625995 0.0117893
-0.0516432 0.0118678
-0.0484993 0.0105042
-0.0754325 0.0204781
-0.0429945 0.0104022
-0.0449316 0.0112225
-0.05243 0.0133377
-0.0140389 0.00823863
-0.0754995 0.0172784
-0.017793 0.00842018
-0.0304345 0.00855532
-0.0390368 0.0102802
-0.0767734 0.0142241
-0.0429658 0.00995196
-0.0481622 0.0105206
-0.0769269 0.0172491
-0.045757 0.010377
-0.0683826 0.0126133
-0.0441631 0.00943779
-0.0410841 0.00978516
-0.0476123 0.0106173
-0.036089 0.00825842
-0.0472992 0.010194
-0.0388255 0.0102391
-0.0632115 0.014289
-0.0618912 0.0126811
-0.0470838 0.00934668
-0.0280956 0.00869614
-0.0641441 0.0136938
-0.0534383 0.0103645
-0.0295616 0.00854331
-0.0660014 0.0146277
-0.0482758 0.0108181
-0.0326087 0.0089489
-0.0325112 0.00965214
-0.048637 0.0106921
-0.037064 0.00965261
-0.0184815 0.00887483
-0.0578685 0.0114086
-0.105353 0.00691277
-0.0801832 0.0164587
-0.0533649 0.0106911
-0.0711894 0.0135349
-0.0395239 0.0103711
-0.0509147 0.00967735
0.00503815 0.00670023
0.00258883 0.00757682
-0.0282241 0.00809214
-0.0180729 0.0078101
-0.0417782 0.00954283
-0.0252801 0.00758481
-0.0401931 0.010041
-0.0285387 0.00837183
-0.074033 0.0146291
-0.0255222 0.00810989
-0.0376834 0.00911805
-0.0269684 0.00874663
-0.0168851 0.00886656
-0.0371373 0.0086662
-0.0399205 0.00965259
-0.0548886 0.0129497
-0.0243688 0.00853588
-0.0227915 0.00846362
-0.0231055 0.00777524
-0.00797287 0.00716854
-0.0235194 0.00772771
-0.0197295 0.00812341
-0.0438557 0.0100281
-0.0368204 0.00880414
-0.000947069 0.00722063
-0.0471917 0.0103141
-0.0367268 0.00838116
-0.0140777 0.00743565
-0.00422994 0.00779549
-0.00840669 0.00837293
-0.02535 0.00758415
-0.0728117 0.0122448
-0.0365464 0.0083051
-0.013374 0.00726252
-0.033649 0.00869518
-0.0372141 0.00967744
0.00834724 0.00623063
-0.0663068 0.0117
-0.0273844 0.00762947
-0.0598868 0.010274
-0.0299558 0.00757963
-0.0173447 0.0076873
-0.0310618 0.00881839
-0.0100249 0.00737123
-0.0092951 0.00760957
0.0318219 0.00701192
-0.021993 0.0077181
-0.0135292 0.00732724
-0.0294189 0.00918001
-0.045472 0.00854758
-0.0215725 0.00774474
-0.0231583 0.00732965
-0.0112186 0.00656046
-0.0468331 0.00832822
-0.0197472 0.00813776
-0.0380345 0.00856431
-0.0127087 0.00787116
-0.0380738 0.00940817
-0.0422005 0.00956844
-0.0177618 0.00708748
0.0120145 0.00669135
-0.0356165 0.00927049
-0.0317446 0.00787556
-0.0369297 0.00752522
-0.00300599 0.00629469
-0.0277097 0.00798991
-0.0147021 0.00678241
-0.0168788 0.00689476
-0.0260017 0.00790979
0.0150015 0.00644105
-0.0220473 0.00797075
-0.013495 0.0075654
-0.0306117 0.00770106
-0.0296346 0.00828297
-0.011545 0.00646186
-0.00685579 0.00783608
-0.0041052 0.00695611
-0.0243307 0.00735796
0.0172892 0.00626677
-0.0210917 0.00817058
-0.00330578 0.006594
-0.0186585 0.00702619
-0.00654758 0.00698576
-0.00896509 0.00680874
-0.0369062 0.00833469
-0.0475637 0.009389
-0.0419744 0.00836876
-0.0420275 0.00840638
-0.00626666 0.00731543
-0.0200894 0.00771619
-0.0212348 0.0076221
-0.0190329 0.00826761
-0.0108789 0.00756729
-0.01912 0.00786433
-0.00869661 0.00695232
-0.0337215 0.00792705
-0.000929623 0.00696277
-0.0271307 0.00824711
-0.033097 0.00736558
-0.0131812 0.00677749
-0.0252492 0.00837731
-0.0501776 0.00881399
-0.0156337 0.00656361
-0.0320155 0.0075757
-0.0146715 0.00648081
-0.0232912 0.00793767
0.00130113 0.00652151
-0.0559301 0.0105667
-0.03493 0.00849715
-0.0368249 0.0085079
-0.0492244 0.00851945
-0.00672811 0.0070862
0.00500086 0.00666344
-0.0176284 0.00748429
-0.0176253 0.00681226
-0.0270585 0.00737956
-0.0443831 0.0080192
-0.0128876 0.0075996
-0.0204924 0.00688443
-0.040196 0.00829481
-0.00531045 0.00653618
-0.0292295 0.00780141
-0.0604874 0.00967982
-0.0521117 0.010003
-0.0315285 0.00738543
-0.0142141 0.00688115
-0.0330187 0.00883171
-0.0410506 0.00756441
-0.00522733 0.00669218
-0.00620615 0.0065518
-0.0245808 0.00792866
0.0192093 0.00562668
-0.0181844 0.00733416
-0.033699 0.0075064
-0.0493369 0.00893263
-0.0222055 0.00686506
0.00105326 0.0068002
-0.0211293 0.00828327
-0.0291459 0.00718241
-0.0173209 0.00709657
0.00996313 0.0066355
-0.0234531 0.00774559
-0.011186 0.00682943
-0.0443217 0.00839074
-0.0135844 0.00687749
-0.0263823 0.00799152
0.0108318 0.00616323
0.00910079 0.00644078
-0.036759 0.00805836
-0.0464402 0.0085834
0.00346552 0.006503
-0.0153843 0.00698905
-0.0116242 0.00738464
-0.00922208 0.00653694
0.00177317 0.00653163
-0.0239995 0.00743376
-0.00980393 0.00715624
-0.0245358 0.00745982
-0.0104863 0.00723791
-0.0725627 0.0126636
-0.00288847 0.00662594
0.0109918 0.00636311
0.0218908 0.00634785
0.000520534 0.0059102
0.015251 0.00590773
-0.0117658 0.00713666
-0.0197841 0.00681476
-0.0041869 0.00681979
-0.0209309 0.00674397
-0.0222862 0.00774297
0.00351533 0.00674031
-0.00180965 0.00672509
-0.0150622 0.00712785
0.0137001 0.00617521
-0.0441379 0.00831934
-0.0174831 0.00631688
-0.0304889 0.00735436
-0.0332766 0.00784699
-0.0489321 0.00778948
0.00539847 0.00604117
0.0207216 0.00585184
-0.00908268 0.00647061
-0.00135252 0.0065171
-0.00833931 0.00660284
0.00750778 0.00589457
-0.020807 0.00683609
-0.0160482 0.00708188
-0.0452034 0.00800554
-0.0278453 0.00701505
0.00223605 0.00664064
0.015527 0.00626563
-0.00598058 0.00655088
-0.0278117 0.00702946
0.0108578 0.00608301
-0.0104215 0.00635204
-0.0233389 0.00684272
-0.00719188 0.00667252
-0.00899027 0.00662721
-0.0209604 0.00673866
-0.0119716 0.00669597
0.00668662 0.00617104
-0.0380942 0.00798004
-0.0176725 0.00742856
-0.0460271 0.008355
-0.0477853 0.00873636
-0.020809 0.00699663
-0.0112647 0.0064083
-0.00706904 0.00639984
-0.00277955 0.0064246
0.0148491 0.00619542
-0.00439747 0.00603116
-0.00224484 0.00663361
-0.0273691 0.00886091
-0.022024 0.00688383
-0.0211863 0.00731343
-0.0174654 0.00739082
-0.0235917 0.00719939
-0.0200485 0.00700419
0.0277823 0.00596414
0.00257859 0.00689843
-0.0471919 0.00852802
0.00405686 0.00720627
-0.0393987 0.00799834
-0.0598146 0.0103251
-0.022439 0.00665644
0.0127788 0.0067599
-0.0289628 0.00742579
0.00112113 0.0065898
0.00243608 0.00654177
-0.025754 0.00820154
-0.00414244 0.00707368
-0.0286346 0.0068226
-0.0424909 0.00808361
-0.0254821 0.0074601
-0.0146371 0.00679869
-0.021183 0.00696877
-0.0159127 0.00667881
-0.0613394 0.00998332
-0.0224944 0.00786499
-0.0116757 0.00694702
-0.0395392 0.00722558
-0.000224604 0.00680675
-0.0286054 0.00702963
-0.0460041 0.00743439
-0.0284006 0.00745514
-0.0471231 0.0085216
-0.000596684 0.00619841
-0.0679209 0.0117455
-0.0223983 0.00683136
-0.00735091 0.00655571
-0.0135613 0.00726913
-0.0251749 0.00765066
0.00551406 0.0064373
-0.0312859 0.00766499
-0.0419006 0.00745293
-0.0267162 0.00693897
0.0107412 0.00592849
-0.00998867 0.00642218
-0.0470615 0.00830872
-0.00948373 0.0065193
0.0252043 0.00557201
0.0114821 0.00593319
-0.0293262 0.00719955
-0.0051869 0.00663274
-0.0120025 0.00659668
-0.0516246 0.00937027
-0.0149151 0.00689718
0.0280446 0.00614577
-0.0190581 0.00749845
0.0232003 0.00604161
-0.0613266 0.0114496
-0.0147212 0.00692984
-0.0369313 0.00820118
-0.00653669 0.00623257
-0.0188318 0.00649301
0.00660898 0.00637118
-0.0169074 0.00638831
-0.0403458 0.00774688
0.0098017 0.00623839
0.0438686 0.00556794
-0.000803293 0.00611278
-0.0217626 0.00675544
0.0087428 0.00606175
-0.0293759 0.00798354
-0.0109418 0.00711642
-0.0174187 0.00676347
-0.0322501 0.00780785
-0.0270306 0.0072576
-0.0143536 0.00672371
-0.000949343 0.00724934
0.00142108 0.00648593
-0.0309194 0.00768765
-0.0471368 0.00913346
0.00250087 0.00661002
-0.0149952 0.00661875
-0.0402418 0.00886895
-0.0120202 0.00680762
0.00974095 0.00628924
-0.0290613 0.0081044
-0.017997 0.00710716
-0.0161098 0.00685462
0.00670958 0.00646251
-0.0281018 0.00744173
-0.0275905 0.00744496
-0.0180054 0.0071332
-0.00889357 0.0066577
-0.0387445 0.00789635
-0.0444002 0.00840694
-0.00643195 0.00637302
0.000639253 0.00644941
0.00768406 0.00662375
-0.00411961 0.00615892
-0.023537 0.00727212
-0.0309531 0.00785143
-0.0179878 0.00676405
0.000646561 0.00679335
-0.0233209 0.00773297
-0.0218269 0.00771688
-0.00323633 0.00656249
0.0172522 0.00629129
-0.0307633 0.00770046
-0.0110566 0.00736441
-0.035404 0.0076214
-0.000777701 0.00705243
-0.0406921 0.0084168
-0.0089475 0.00656193
0.00929311 0.00664953
0.0214973 0.00656503
-0.00349177 0.00687378
-0.00112015 0.00693558
-0.0374237 0.00891116
-0.00784611 0.00705611
-0.0290541 0.00857909
0.0112335 0.00672098
-0.0230774 0.00761442
-0.0402802 0.00801396
0.00761777 0.00605306
0.00649449 0.00710881
0.00407334 0.00717348
-0.0276414 0.0070946
-0.0340428 0.0081398
0.0180484 0.00584871
-0.0321387 0.0077557
-0.0267891 0.00796566
0.0170253 0.00611639
-0.0106776 0.00677205
0.00855586 0.00648595
-0.0217795 0.00694847
-0.017129 0.0066728
-0.0146829 0.00656619
0.00148489 0.00665861
0.0304484 0.00623384
-0.0326131 0.00775103
-0.0251117 0.00753272
-0.0147318 0.00702239
-0.0272673 0.00796056
-0.0430342 0.00849616
-0.0335234 0.00804435
-0.0567239 0.0107567
-0.0291167 0.00799916
-0.078763 0.0155991
-0.0124882 0.00693767
-0.0162014 0.00676677
-0.0484328 0.00873121
-0.0507505 0.00934329
-0.0598465 0.0116165
-0.00449198 0.00735865
-0.0532439 0.00972462
-0.0412095 0.00821304
-0.0907683 0.00671502
-0.028229 0.00757268
-0.0189215 0.00734172
-0.0608102 0.0101015
-0.044689 0.00860301
-0.0313289 0.00793305
-0.0264359 0.00817936
-0.0248947 0.00756799
-0.0526787 0.00920045
-0.0578716 0.00951791
-0.0337023 0.00763127
-0.0508123 0.00954288
-0.0235255 0.00690917
-0.041975 0.00919207
-0.0427693 0.00896619
-0.0738976 0.0150651
-0.0347219 0.00831735
-0.0217009 0.0081026
-0.0132085 0.00776504
0.00038816 0.00763474
-0.0211031 0.00753581
-0.00694725 0.00771929
-0.0212875 0.00797187
-0.0321731 0.00777318
0.00294183 0.00656344
0.00278322 0.00692173
-0.0552456 0.00953942
0.00338939 0.00760193
0.00997253 0.00636089
-0.0242955 0.00808584
-0.0405624 0.00921846
-0.00810262 0.00737964
-0.0296986 0.00746607
-0.02235 0.00743277
-0.025933 0.00842674
-0.0255227 0.00710342
-0.0668255 0.0110886
-0.00765667 0.00713567
-0.014028 0.00804452
-0.0429334 0.0087669
-0.0266013 0.00890874
0.0172847 0.0069336
-0.0508985 0.00918607
-0.0317014 0.00805408
-0.0208943 0.00779078
-0.0214878 0.00721124
0.00500392 0.00645629
0.0104489 0.00703679
-0.0566885 0.0108739
-0.0330963 0.0082677
-0.00344236 0.00737832
-0.0264247 0.00805751
-0.048303 0.0121953
-0.00253824 0.00803711
-0.0628342 0.0105393
-0.0250246 0.00753204
-0.0360138 0.00839454
0.00568345 0.00702035
0.00193952 0.00720684
-0.0644615 0.0148988
-0.0689999 0.0113102
-0.0504483 0.0109385
-0.0119248 0.00783587
-0.00992291 0.00732779
-0.0505319 0.0102439
-0.0605736 0.0102236
0.00349813 0.00712282
-0.00583715 0.0071215
-0.0398502 0.00852569
-0.0239192 0.00743547
-0.0231333 0.00883835
-0.00701238 0.00729152
-0.0270768 0.00816683
-0.0257987 0.00754167
-0.0128141 0.0075586
-0.0412737 0.00930357
-0.0475914 0.0116025
-0.0486181 0.0099077
-0.0207365 0.00767125
-0.020413 0.0078659
0.0122074 0.00737503
-0.0236882 0.0080859
0.0144105 0.00669026
-0.0254671 0.00887783
-0.0340279 0.00981648
-0.0628008 0.0117359
-0.0034457 0.00780355
-0.0495205 0.0105811
-0.01495 0.00873607
-0.0379153 0.00868764
-0.0237556 0.00860408
-0.0279617 0.00878274
-0.0616629 0.0121732
-0.0280289 0.00840187
-0.0360681 0.0100168
0.0128603 0.00662214
-0.0434169 0.0105457
-0.0251275 0.00861714
-0.0520275 0.0106165
-0.0488692 0.010076
-0.0135801 0.00669069
-0.0455196 0.00973282
-0.0317622 0.00851703
-0.0644793 0.0117995
-0.0374551 0.0083574
-0.0302496 0.00851846
-0.0490154 0.011713
-0.00898078 0.00827753
-0.0915632 0.00715627
-0.0374777 0.00972062
-0.0452056 0.0102557
-0.0420974 0.010562
-0.0414641 0.00967071
-0.0672156 0.0139798
-0.0364719 0.0101997
-0.0371803 0.0113331
-0.0452833 0.0105096
-0.0358988 0.0097324
-0.025 0.00884697
-0.0452075 0.00993444
-0.0437816 0.0101381
-0.0735636 0.018006
-0.0591965 0.017028
-0.0695655 0.0171959
-0.0696835 0.0146766
-0.0178964 0.0081952
-0.0820116 0.0182739
-0.0216626 0.00766436
-0.062486 0.0128954
-0.0316022 0.00947014
-0.0284835 0.00930875
-0.0887204 0.0104404
-0.0506974 0.0105522
-0.0589681 0.0117566
-0.0539568 0.0107441
-0.0358384 0.00882104
-0.0421423 0.0110923
-0.0648571 0.0157843
-0.04249 0.011498
-0.0299433 0.0093209
-0.0894651 0.00743729
-0.0459557 0.0106301
-0.0572958 0.0117844
-0.0654216 0.0172622
0.000216816 0.00859228
-0.0497203 0.0119958
-0.0863024 0.00733907
-0.0626445 0.0139823
-0.037508 0.0121506
-0.0180094 0.00791444
-0.040073 0.0102591
-0.01533 0.00820979
-0.024387 0.0091477
-0.0450549 0.0121921
-0.0656009 0.0168355
-0.0478141 0.0119249
-0.0313965 0.00926399
-0.0376753 0.0106011
-0.0585836 0.0129595
-0.0210333 0.00876355
-0.0243671 0.00809106
-0.00168309 0.00906314
-0.0411431 0.00908741
-0.0399976 0.009801
-0.0785579 0.0160601
-0.0524668 0.0109517
-0.0678613 0.0147011
-0.0224067 0.0091135
-0.0645559 0.0138977
-0.0422318 0.0111073
-0.06139 0.01291
-0.0444756 0.0117534
-0.0701356 0.0166421
-0.0518414 0.0161601
-0.0415021 0.0116551
-0.0456564 0.0110896
-0.034938 0.0101783
-0.0680517 0.0161025
-0.0402871 0.0111838
-0.0663477 0.0171194
-0.0405163 0.0114308
-0.0936329 0.0254351
-0.0318379 0.010588
-0.0403086 0.0116139
-0.0415334 0.0139019
-0.0468709 0.0112536
-0.0162883 0.0110676
-0.0596856 0.0183485
-0.0441173 0.0118502
-0.0635622 0.0158714
-0.0553395 0.0132989
-0.046159 0.0107073
-0.0415898 0.012529
0.00469983 0.00953185
-0.0552215 0.0138525
-0.0881722 0.00843482
-0.0303822 0.0112879
-0.0353994 0.00993795
-0.0272975 0.00914388
-0.0332015 0.00990397
-0.0428466 0.0111482
-0.00857668 0.00941307
-0.0264805 0.0117244
-0.0261595 0.0101359
-0.0728229 0.00889874
-0.0333543 0.00976285
-0.04996 0.0148789
-0.0657771 0.0221139
-0.0507733 0.0127629
-0.0795902 0.008538
-0.0507403 0.0139434
-0.0230265 0.00952693
-0.0801308 0.0100353
-0.0609167 0.0154235
-0.0411329 0.0112781
-0.0678927 0.0144185
-0.0993804 0.00810171
-0.09009 0.00851197
-0.0670044 0.0189644
-0.0740819 0.0174116
-0.0797604 0.0213831
-0.0490368 0.0108193
-0.0559696 0.0130783
-0.0791779 0.00869059
-0.0573335 0.0168238
-0.0715183 0.0168772
-0.049063 0.0122126
-0.0405828 0.0115826
-0.0819204 0.0192841
-0.0860749 0.0148274
-0.0444435 0.011933
-0.0955605 0.00794467
-0.0870835 0.00843948
-0.0626827 0.0138835
-0.0678365 0.0153135
-0.0654561 0.0222959
-0.0797606 0.0241505
-0.0504619 0.0127761
-0.0581273 0.0160251
