-0.0210989 0.0290259
-0.00827426 0.0204545
0.035889 0.0246523
0.0164983 0.0172914
-0.0189686 0.0193534
0.0257013 0.0194646
-0.0248933 0.0241094
0.0100672 0.034123
0.00278006 0.0241685
0.0155125 0.0236518
-0.0342807 0.0224653
0.0254123 0.0268293
0 0.448165
0 0.448165
0 0.448165
0.0361056 0.0250459
-0.0336222 0.0255851
-0.0113884 0.0227771
0.0738053 0.0341831
0 0.448165
0 0.448165
0 0.448165
0.0440402 0.0263647
0 0.448165
-0.0448534 0.0268425
-0.00961146 0.0222188
0.0260638 0.0246935
0.0293004 0.0377282
-0.0154802 0.0294778
0.0291089 0.0324118
0 0.448165
-0.00742373 0.0149895
-0.0309336 0.0171188
-0.00299227 0.0334638
0.00116055 0.0333297
-0.0138961 0.0239001
-0.0133342 0.0338391
0.0230072 0.0196587
0.0236554 0.0135099
-0.00414284 0.0230283
0.023745 0.0226529
-0.0038959 0.0146902
-0.0233359 0.0198476
-0.038229 0.0348795
0.0200039 0.0166214
0.012806 0.0321334
-0.0693339 0.0243085
-0.0440613 0.0216854
0.0242177 0.0217951
0.0195158 0.0229013
-0.0160831 0.0169849
0.00541091 0.0244428
-0.0568621 0.0223571
-0.0348031 0.0348015
0.0226231 0.0192815
-0.0491168 0.0259797
0 0.448165
0.00737902 0.0215153
-0.0118347 0.0167164
0.0017092 0.0210611
-0.00296109 0.01967
0.00807642 0.023506
0.0476199 0.0334981
0 0.448165
0.00827536 0.0165319
0.0167709 0.0146764
0.0168923 0.0172165
-0.00433263 0.0138193
-0.0142698 0.0197758
0 0.448165
-0.0290501 0.0197687
0.026701 0.02464
0.014424 0.0237733
-0.0362222 0.0161865
-0.00800269 0.0193082
0.0457259 0.0220019
-0.0269863 0.0236947
-0.00847163 0.014946
0.0121628 0.0148147
0.020262 0.0338943
-0.00703718 0.0233621
-0.00196974 0.0193041
-0.00721833 0.0161216
0.00338072 0.0208868
0.0609556 0.0203462
-0.015441 0.0234453
0.00775708 0.0165469
-0.0283948 0.0241441
0.0502102 0.0160684
0 0.448165
-0.00832682 0.0151943
-0.00645372 0.0196331
0.0114085 0.0174577
0.0155598 0.0319759
0.0155598 0.0319759
0.000608618 0.014787
-0.0470772 0.0341193
0.0198675 0.0321951
-0.00510613 0.0150552
0.00957483 0.0232591
-0.00700468 0.0151392
0.0219078 0.0232867
-0.00723836 0.0237711
0.0318073 0.0238269
0.0299692 0.017948
-0.00146177 0.0193289
-0.036588 0.0255763
-0.0115192 0.0196727
0.00810848 0.0135723
0.0249134 0.014843
-0.00465604 0.0230526
-0.0306862 0.023637
0.00341662 0.0135601
-0.0190228 0.0194791
-0.0239978 0.0338508
-0.0110407 0.0175884
0.0290807 0.0146641
-0.000796108 0.0139836
-0.0027489 0.0190576
-0.0124941 0.0155818
0.0218472 0.0238814
-0.0043803 0.0250207
0.0131817 0.0142796
-0.0477306 0.0208715
0.046673 0.0237683
0.00769358 0.0204833
-0.0285801 0.0126955
0.0159658 0.0194946
-0.00338638 0.0148857
-0.0184155 0.0237442
0.00116604 0.0134467
-0.0169403 0.0150449
0.015439 0.0228131
-0.00682877 0.0128828
-0.00965555 0.0177462
0.00253863 0.0193454
0.00376714 0.0245024
-0.0102465 0.0176353
0.062513 0.0311462
0.0347601 0.0185816
-0.0397056 0.0188909
-0.012002 0.0166335
-0.0135584 0.0197657
-0.00522497 0.0118033
0.0424238 0.0159976
-0.00901902 0.0126634
-0.00127185 0.0195205
-0.00195785 0.0237668
-0.0374331 0.0200117
-0.012375 0.0136653
0.00341795 0.0141901
-0.0304136 0.0348169
-0.00389835 0.0230859
0.0138519 0.0168276
0.0369377 0.0168489
-0.00669855 0.0156844
0.000826389 0.0173444
0.0168329 0.0147676
0.0508207 0.0318413
0.0227177 0.0164176
-0.0302606 0.0168558
-0.0153443 0.0136941
0.0020927 0.0165725
0.0234974 0.0132314
-0.0132023 0.0135953
0.00253244 0.0233465
0.0203936 0.0145887
0.00793715 0.0202444
0.029738 0.0226791
0.0370755 0.0198195
0.0107303 0.0195434
-0.0075745 0.0193238
0.0248773 0.0132845
-0.00679816 0.0136139
-0.0152973 0.0193166
0.0388273 0.0314804
0 0.448165
-0.010172 0.013764
9.13444e-05 0.0117469
0.023657 0.0230766
0.00869208 0.0234559
0.00323162 0.0236934
-0.00484104 0.0126651
-0.00183684 0.0136433
-0.0107331 0.0167969
0.0292396 0.0186581
-0.0166283 0.0236844
-0.0040807 0.0169026
-0.0275094 0.0193802
-0.00407583 0.017303
-0.0279387 0.0244655
-0.0290456 0.0195451
-0.00818567 0.0193151
0.0324407 0.0187977
0.046572 0.0159167
0.0323815 0.0161974
0.0256134 0.0229669
-0.020562 0.0194422
0.0229326 0.0145844
-0.0130293 0.0197824
0.0198028 0.0191208
-0.0189743 0.0241509
-0.00988005 0.0151
-0.0371885 0.0339671
0 0.448165
0.033894 0.014346
-0.0144664 0.0136731
0.00708076 0.0191571
-0.0167276 0.0137629
-0.0248906 0.0196353
-0.00635609 0.0136724
-0.00747002 0.0118576
0.0341898 0.0133778
0.0242711 0.0188617
0.0312796 0.0134978
0.0227482 0.0148292
-0.0138147 0.0234643
-0.0118144 0.0194359
0.00463344 0.019369
0.0182707 0.0164557
0.0119768 0.0165482
0.0471872 0.0184411
0.013451 0.0231995
0.0351414 0.0227677
0.0155714 0.0103522
0.00295642 0.0134933
0.0161887 0.0123352
-0.0234169 0.0147417
0.0085031 0.00989435
0.00933741 0.0148676
0.0473931 0.0160883
-0.0120456 0.0191291
-0.0367864 0.0196476
0.0344891 0.0194515
-0.034966 0.0152157
-0.0389147 0.0355383
-0.00304483 0.0127372
0.0272279 0.0194183
0.00953686 0.013309
0.0175012 0.0125815
-0.0214791 0.0168449
-0.0196509 0.0153148
0.00743393 0.0135653
-0.00507702 0.0137411
0.0359891 0.0186234
-0.0409476 0.0245698
0.00570606 0.032182
-0.0409425 0.023783
-0.0236782 0.0167662
0.027364 0.0231185
0.0443069 0.0223634
0.0370306 0.0230269
0.0289758 0.0319666
-0.00924813 0.0230805
-0.022705 0.0337883
0.00747073 0.0186936
-0.000292624 0.0147401
0.029633 0.0184107
-0.0025349 0.0134914
-0.0190333 0.0236792
0.00732658 0.0147465
-0.00845857 0.0127261
0.00774939 0.0166021
-0.00636679 0.0334654
0.0675561 0.0182997
-0.00959599 0.0154851
0.0277881 0.0115918
-0.00257652 0.0153892
-0.0389229 0.0155139
0.0117648 0.0148227
-0.00674437 0.0100893
-0.016872 0.0151542
-0.00266444 0.0240316
-0.0123398 0.0129477
-0.00193243 0.0194721
-0.0171472 0.0168245
-0.0156313 0.0200113
0.0111467 0.0149702
0 0.448165
-0.0807408 0.020078
0.0188736 0.0233142
-0.0093358 0.0139609
-0.0503279 0.0197495
0.044943 0.0334729
0 0.448165
0.0316274 0.0146437
0.011988 0.0146033
8.18782e-05 0.0164244
0.039749 0.0159346
-0.0106621 0.0166486
-0.0182931 0.0138563
-0.00803467 0.0168173
-0.0132377 0.0168754
0.00454004 0.0172241
0.0829142 0.0309804
0.0203314 0.0136508
-0.0545783 0.0250588
0.00111973 0.0195227
-0.0129412 0.0246082
0.0247879 0.0229101
-0.0238295 0.0174871
6.96234e-05 0.0138646
-0.0478652 0.0174793
0.0233137 0.0129018
0.0216492 0.0233488
0.0112447 0.0187668
0.0021979 0.0120071
0.00333618 0.01637
-0.0179966 0.0194707
0.0742014 0.0172316
-0.0370192 0.0200134
-0.0223794 0.0240189
0.0274241 0.0193563
-0.000467398 0.020313
0.00914225 0.0197707
0.0320303 0.0326763
0.0161992 0.0191195
0.00773446 0.014779
-0.0105411 0.0110737
0.0018088 0.0188123
0.0106638 0.0135821
-0.00912716 0.0166823
-0.0176974 0.0194828
0.004403 0.0136895
0.0139282 0.0164991
-0.0316802 0.0142818
-0.00682954 0.0137502
0.008634 0.0148782
0.012255 0.0232204
0.107407 0.023578
0.0186879 0.0164424
-0.0415157 0.0155437
-0.0240134 0.0199968
0.00979969 0.0153695
-0.0241633 0.0140649
0.0594164 0.0285449
0.00875886 0.0247233
-0.0181374 0.0153176
0.0284456 0.0122291
0.0106464 0.0126846
-0.00114091 0.0120547
0.0499074 0.0320028
0.0201108 0.0132756
-0.00395305 0.0136076
-0.0114901 0.0135979
0.0128117 0.0202185
-0.0242453 0.0192644
-0.0446175 0.0175466
0.00238458 0.0230419
-0.000235711 0.0125732
-0.00773811 0.0234651
0.00479774 0.0110696
-0.00353282 0.0193148
0.00296 0.0333415
-0.00424537 0.0170417
0.0792626 0.0365648
0.0238323 0.0147307
-0.0309009 0.0128447
-0.0435665 0.0167809
0.0261233 0.0166104
-0.000830439 0.0167959
0.0137571 0.0166553
-0.0430666 0.0195917
0.0129967 0.0190091
0.0247427 0.0172982
0.0255361 0.012514
-0.0206035 0.0144745
0.0259089 0.013526
-0.0353848 0.0203883
-3.2514e-05 0.0195841
-0.0378466 0.0238973
0.0544137 0.012373
-0.0208257 0.0165236
-0.0216174 0.0156959
-0.0232052 0.0196811
-0.0195962 0.0159634
0.0113304 0.0337319
-0.0723965 0.0208503
-0.00748234 0.0209212
0.0710458 0.0162606
0.0206276 0.0176356
-0.02386 0.0151685
0.0510567 0.0183603
-0.0349395 0.0238111
-0.0131972 0.0167483
-0.0150246 0.0151039
-0.0323305 0.0201453
0.0402665 0.0130125
0.0210457 0.0141902
0.0691378 0.0301626
-0.0193052 0.0135132
0.00945324 0.0169045
0.0102187 0.0332643
0.0382812 0.0151989
-0.0335841 0.0159335
-0.0200042 0.0138719
0.013982 0.0148142
0.00948498 0.0129473
0.00230485 0.0190673
0.0345201 0.0259512
0.0132274 0.0162589
0.0287143 0.0137203
0.0121693 0.0161936
-0.0360579 0.015203
-0.0127813 0.0236773
0.00665356 0.0167367
0.0554969 0.0236679
-0.00937501 0.0175049
0.0220336 0.024819
0.0189472 0.0156482
-0.0736514 0.0186845
-0.0254021 0.0186784
0.0306245 0.0146336
0.00298584 0.0164071
-0.00910891 0.0151433
-0.00701569 0.0237707
-0.0152451 0.0152641
0.00865638 0.0195131
-0.0109739 0.0197434
0.0411883 0.0205311
0.0383044 0.0147418
-0.0807051 0.0177441
0.0502904 0.0184047
0.00814085 0.0191949
0.0221786 0.0148844
0.00866042 0.0124245
0.0140045 0.0194956
0.0108015 0.0128109
-0.00832636 0.0194607
0.00410971 0.0137955
-0.0133522 0.0193179
0 0.448165
0.0870973 0.0464213
0 0.448165
0.0199194 0.0144712
-0.0342557 0.0166555
0.0296605 0.0182215
0.0125868 0.0166866
0.00975254 0.0150163
-0.0453059 0.014977
0.0408982 0.0164379
0.0913187 0.0254764
0.00236996 0.0151986
0.028504 0.0202768
-0.0396992 0.0362256
0.0220729 0.0189272
0.00778656 0.0150051
0.0121344 0.0133733
-0.00277968 0.0137513
-0.0119818 0.0170808
-0.00131783 0.0101684
0.0533201 0.0160194
0.00397698 0.0235472
-0.0453207 0.015237
0.0601246 0.0222365
0.000984723 0.0198806
0.0172048 0.0188751
0.00743358 0.0124654
-0.00535133 0.0168076
0.0286552 0.0187763
-0.0030383 0.0111071
-0.0132315 0.0194606
0.0683449 0.0270466
-0.037964 0.0241647
-0.0236909 0.0384657
0.0440611 0.0450823
0.0204891 0.0145732
0.00566699 0.0104849
-0.00669002 0.0192085
0.0493417 0.0222633
0.0296086 0.0221245
-0.00397145 0.0149473
0.0659015 0.0221297
-0.0528099 0.0326424
-0.0126201 0.0236527
-0.0202603 0.0349091
0.00230889 0.0237903
-0.027888 0.0127968
0.0029992 0.0135231
-0.0102784 0.0128012
0.00898144 0.0105747
-0.0129606 0.0126872
-0.00949904 0.0113206
0.0238325 0.0164
0.020096 0.0123664
-0.0228639 0.0167111
0 0.448165
0.0427345 0.032147
-0.044079 0.0194449
0.0110472 0.0126035
-0.0058731 0.014836
0.00487616 0.0167243
-0.0136228 0.0170196
0.00941807 0.014674
0.074958 0.0306621
-0.065152 0.0302822
0.00724275 0.0518207
0.0144596 0.0188959
0.00206792 0.0189308
-0.0119551 0.0137547
-0.0306153 0.0197172
-0.0204614 0.0191834
-0.0127019 0.0135361
0.0125973 0.0164898
0.0559548 0.01598
0.013529 0.0241012
0.00947861 0.0186243
0.0233687 0.0163843
-0.0141212 0.0205587
0.052657 0.0224938
0.0207681 0.0165058
-0.011924 0.0136832
0.00581349 0.0166168
0.0132302 0.0116029
0.00746919 0.0230517
-0.00952193 0.0191699
-0.000238481 0.0135184
-0.011321 0.0165333
0.0196325 0.0147133
0.0154579 0.0145363
-0.0123869 0.0192167
-0.00643637 0.012638
-0.0128067 0.0168332
-0.00974255 0.0149087
0.0133753 0.0119695
0.0222415 0.0145488
-0.00602058 0.0159207
-0.0119817 0.019318
-0.00171329 0.0191062
0.027567 0.0162235
0.00958562 0.0332251
-0.0147848 0.0192428
0.0239187 0.0190765
0.01172 0.0325174
0.0111199 0.0191374
0.000891258 0.0116408
0.0570076 0.0130415
0.00928634 0.0109105
-0.0500077 0.0253492
0.0138957 0.0145036
-0.0191679 0.0192533
-0.00233119 0.0170232
-0.0165935 0.0151669
0.00142219 0.0193499
0.00599023 0.011639
0.0119694 0.0147624
0.00777453 0.0190556
0.0170196 0.0232854
0.017184 0.0135144
-0.0149043 0.0198658
0.00286383 0.0189505
-0.011835 0.0233718
0.0922363 0.0210847
-0.0135084 0.0237784
0.0211094 0.0133479
0.0373342 0.0320444
0.0246521 0.0146797
0.0101741 0.0165379
-0.0093994 0.0147865
-0.00737939 0.0167912
0.0261941 0.0326155
0.00983607 0.0149794
-0.0196072 0.0154349
-0.0153883 0.0166753
-0.0393278 0.0242379
0.0303297 0.0235265
-0.00477192 0.0150918
-0.0059389 0.0239064
-0.00173736 0.0189324
0.0337049 0.0308417
0.00143193 0.0118403
-0.00775269 0.0136356
-0.0106335 0.0151199
-0.00684185 0.019353
-0.0063362 0.0166754
0.0097346 0.0135332
0.00463952 0.0233704
0.0411636 0.0342138
0.0362282 0.0227426
-0.0289725 0.0153304
0.00810866 0.0164725
-0.052687 0.0152193
0.0365305 0.0144597
0.00421251 0.0166869
-0.00796876 0.0237855
0.00711356 0.0147634
-0.016106 0.0136928
0.0195677 0.0163171
-0.0714581 0.0338518
0.00506103 0.0135588
-0.00848064 0.0197821
-0.000337585 0.0147544
0.0258318 0.0114706
-0.0284121 0.0337532
-0.00404945 0.0135952
0.0125177 0.0165624
0.0120345 0.0326823
0.0122151 0.0153607
0.0268147 0.0163785
-0.000500701 0.0163455
-0.0215662 0.0165838
0.0216688 0.0187934
-0.000939969 0.0165698
0.0123937 0.0166187
0.0589834 0.0307536
0.00106682 0.0193061
-0.00132634 0.0235605
0 0.448165
0 0.448165
-0.0338724 0.0187229
0.0651976 0.0230039
-0.0195034 0.0191703
-0.00427413 0.0167593
0.00204275 0.0190241
0.0168318 0.0147839
-0.00284087 0.0191224
0.00632956 0.0231958
-0.00228587 0.0191364
-0.00903361 0.0149565
0.0125751 0.0147376
-0.00189405 0.0165168
-0.00125294 0.0125188
0.00134197 0.0125223
-0.00968036 0.0165885
-0.00847213 0.0232627
-0.0110253 0.0236602
0 0.448165
0.0148298 0.013345
-0.0249774 0.0137727
-0.106207 0.0432162
-0.0126119 0.0168545
-0.0108511 0.0195248
-0.0128072 0.0195241
0.0337049 0.0308417
0.00172516 0.0109883
-0.0213364 0.023907
0.0128154 0.0234102
0 0.448165
-0.000677116 0.0125796
0.00259724 0.0119957
-0.00601821 0.0199297
0.0614309 0.0265714
0.039286 0.0312097
0 0.448165
-0.000493811 0.0225016
0.0134292 0.0123783
-0.000703672 0.0126466
-0.0340293 0.0193665
0.012941 0.0231775
0.00656872 0.0133555
-0.00182548 0.0165863
-0.0121722 0.0167676
-0.00987145 0.01906
0.0221431 0.0229413
-0.00481932 0.0166017
0.00890324 0.0146538
0.0338422 0.0218338
0.00541916 0.0189465
0.000471486 0.019262
-0.021811 0.0241134
0.0121558 0.0192402
-0.0115828 0.0329676
-0.001056 0.0192182
-0.00987456 0.0149535
-0.00293196 0.0231181
0.0202764 0.0187815
0.0417623 0.0328266
-0.00462084 0.0165753
0.0192005 0.032958
0.00176313 0.0118288
-0.0577425 0.0334843
0.0103811 0.0150382
-0.0317567 0.0339354
0.0128447 0.0268374
-0.0476463 0.0333225
-0.0359127 0.0340291
-0.0214116 0.024517
-0.0132057 0.0191214
-0.00915623 0.0168608
0.00554318 0.0147556
-0.00168087 0.0136993
0.00569433 0.0230877
-0.00141104 0.0233865
-0.0139989 0.0193208
0.0140107 0.0132995
0.0097378 0.0116531
0.0122229 0.0191177
0.00533977 0.0236382
-0.0150889 0.0173891
-0.032692 0.0308176
0.00569978 0.0170911
0.117593 0.0350553
0.0131158 0.0186964
0.0379327 0.0223204
-0.0153119 0.0235543
0.0160903 0.0123541
-0.00418572 0.0193433
0 0.448165
-0.00255138 0.0136866
0.0111299 0.0163401
-0.00861657 0.019756
0.0328792 0.0166106
-0.0309595 0.0128432
0.04946 0.0225254
-0.0381872 0.0240006
0.0457305 0.0309839
-0.0453485 0.0236259
-0.0494725 0.031113
0.0562211 0.0240057
0.0490635 0.0323283
0.00148132 0.0329375
0.0202459 0.0168449
-0.0121741 0.0167837
0.00564558 0.0235573
0.00959926 0.0164329
0.0188521 0.0163263
-0.011995 0.0192771
-0.0110382 0.0331327
-0.00336672 0.0150163
-0.00113577 0.0235333
0.0022745 0.0126566
0 0.448165
0 0.448165
-0.00967415 0.0235292
0.0241329 0.0185271
0.0315881 0.0184017
0.0193872 0.0123477
0.0295805 0.0161519
0.00621412 0.0188732
-0.0360829 0.0236578
0.00387793 0.0331933
0.0159719 0.0125223
-0.00553743 0.0126284
-0.0161297 0.0197666
-0.0339474 0.0243789
0.0181419 0.019348
0 0.448165
0.00375592 0.0126378
0.0120685 0.0320379
-0.0419951 0.0305953
-0.0103689 0.0400906
0.0157427 0.0196035
-0.0341439 0.0198795
-0.0517104 0.035409
-0.0187218 0.0338132
0.014833 0.033093
-0.0153309 0.0235704
0.014633 0.0187561
0.0180394 0.0233773
-0.00475953 0.0165898
0 0.448165
0.0304288 0.0339902
0 0.448165
-0.0436243 0.0243382
-0.0176731 0.0340436
-0.00583156 0.0236259
0.0147136 0.0188381
-0.0216113 0.0234671
-0.000343236 0.0163091
-0.0169853 0.0331152
-0.0191219 0.0237578
-0.0306265 0.033611
0.0124054 0.0147505
-0.0347624 0.0336371
0.00570361 0.0335154
0 0.448165
0.0021042 0.0175746
0.0204159 0.0330055
