0.00519874 0.00291842
0.00330939 0.00308659
-0.00319903 0.00284947
0.00424297 0.00281901
0.00412506 0.00274806
-6.18712e-05 0.00279047
0.00301491 0.00281105
0.00175378 0.00287212
-0.0077884 0.00293126
0.00743922 0.00281592
0.00179238 0.0027187
0.00197545 0.00262799
0.00367853 0.00294363
0.0070765 0.00293593
0.000624314 0.00256371
-0.00378415 0.00259666
-0.00367472 0.00287576
-0.00059427 0.00287361
0.00397128 0.00268982
0.000909051 0.00278373
0.00518974 0.00302437
-0.00153516 0.00269774
-0.000248373 0.00282456
-0.0025008 0.00264334
0.00235266 0.00282376
-0.00171593 0.00285979
-0.00148709 0.00250421
0.00264215 0.00271047
0.000426141 0.00265966
-0.000727592 0.00270449
-0.00411075 0.00291982
0.0010399 0.00280944
-0.00324013 0.0027476
0.00277719 0.00255705
0.00155903 0.0027954
0.00253484 0.00288012
3.01664e-05 0.00275267
0.00367779 0.00246134
-0.000219458 0.00270659
-0.00163387 0.00260396
0.000583127 0.00271095
-3.84989e-05 0.00257891
0.000929445 0.00252082
-0.00358675 0.00258385
0.00190561 0.00263191
-0.00142497 0.00247525
-0.00371243 0.00248271
0.00202108 0.00269484
-0.00202113 0.00275255
-0.000269438 0.00256841
0.000770192 0.00270321
-0.00113852 0.00271664
0.00427216 0.00248204
-0.000604971 0.00279066
0.00310689 0.00284243
0.000650941 0.00269301
-0.00352024 0.00258489
0.00152993 0.00251415
0.0015322 0.00265037
-0.000309243 0.00235198
-3.18996e-05 0.00251291
-0.000495199 0.00268435
0.00223948 0.00249928
0.00138798 0.00292107
0.00607464 0.00266184
0.00288548 0.00241732
0.00310845 0.00257926
0.00122741 0.00247866
0.00143562 0.00243068
-0.00203561 0.00269817
-0.000779584 0.0025561
-0.000995973 0.00248204
-0.000390168 0.00266834
0.0017614 0.00255539
0.00248315 0.00245048
-0.00491302 0.00269598
0.00244923 0.00253282
-0.00147713 0.00241575
-0.00239842 0.00265047
0.000613992 0.00244415
-0.00598768 0.00250159
0.00102311 0.00265131
0.00304975 0.00255908
0.00170838 0.00243866
0.00298904 0.00251429
-0.00686865 0.00261826
-0.00136511 0.00250201
0.00615349 0.00234741
0.00231876 0.00254866
-0.00198028 0.00256209
-0.00271936 0.00247756
0.000901541 0.00249534
-0.00444342 0.00253319
0.00308201 0.00240994
0.00457717 0.00247346
0.00169314 0.00235406
-0.00220429 0.00238397
-0.00127146 0.00231054
-0.0014925 0.00223159
-0.00175409 0.00249575
0.00053278 0.00242155
-0.00219323 0.00233434
0.00163549 0.00230842
0.0019118 0.00236503
0.00278912 0.00229683
-0.000488469 0.00245487
-0.00284463 0.00255994
0.000659389 0.00240277
-0.00297858 0.00235813
0.00312392 0.0021815
-0.0034697 0.00243615
0.00569398 0.00245291
0.0011799 0.0023552
-0.00052974 0.00245905
1.35612e-05 0.00257313
-0.0024789 0.0024775
-0.00091938 0.002343
-0.00347636 0.00257561
0.00368063 0.00242317
0.00371271 0.00236344
0.00119531 0.00237974
-0.000187065 0.00244934
0.0014854 0.00226828
-0.00375023 0.00235919
0.00345281 0.00247461
-0.00367219 0.00236321
-0.00463161 0.00271688
0.00156342 0.00235851
0.00127064 0.00239993
-0.000624557 0.00233469
-0.00155677 0.00230099
6.00536e-05 0.00233421
-0.00107375 0.0022812
-0.000790051 0.0022568
0.00218754 0.00238737
-0.000373562 0.00232362
-0.000723669 0.00223481
0.00516669 0.00237283
8.10218e-05 0.00229271
0.00115605 0.00234558
0.00369776 0.00227821
-0.00159424 0.00227117
0.00559594 0.00237507
0.00136029 0.00231849
-0.00303558 0.00216597
-0.00183452 0.00234447
-0.00107263 0.00230511
-0.00101629 0.00231022
0.00134136 0.00235386
0.00353291 0.00240657
0.00162149 0.00226078
-0.00464237 0.00239401
-0.00217197 0.0022713
-0.00239273 0.00256207
-0.00204756 0.00226681
-0.00382834 0.00251586
0.00183288 0.00238866
0.00679199 0.00221607
0.000875349 0.00227594
-0.00289913 0.00234397
0.00578079 0.00229097
0.00249621 0.00217711
0.00132602 0.00221593
0.004979 0.00227995
0.000530668 0.0021679
-0.0010832 0.00222484
0.0041082 0.00225386
0.00163783 0.00227358
-0.000996397 0.00232238
-0.00338017 0.00220753
0.00185457 0.00233436
0.00175378 0.00229304
0.000542112 0.00230115
-0.0012216 0.00223814
0.000814572 0.00232393
-0.0035038 0.00228969
-0.00493846 0.00225765
9.80229e-05 0.00242365
-0.000845719 0.00220396
0.000684345 0.00218748
-0.0016932 0.00210633
-0.00460751 0.00234756
-0.0012165 0.00223072
0.000807855 0.00217005
-0.000970964 0.00235838
-0.000842315 0.00224736
-0.00419595 0.00242866
-0.00105228 0.00220653
-0.0011918 0.00233605
-0.00104746 0.00230682
0.00141639 0.00225553
-0.00340655 0.00215058
-0.00205333 0.00215113
0.00063646 0.00230644
0.000307262 0.00220929
5.98135e-05 0.00217053
0.00337803 0.0020743
-0.000236601 0.00217606
0.0029778 0.00211673
-0.001868 0.00214567
0.00167849 0.00216374
-0.000104992 0.00220542
-0.0010095 0.00208256
-0.00257269 0.00214558
-0.0024744 0.00212465
-0.00208248 0.00224949
-0.00278684 0.00227812
0.00314976 0.00217127
0.000182251 0.00223878
0.00174594 0.00213014
-0.000712995 0.00206152
0.00152215 0.00219205
0.00120952 0.00209542
-0.00297402 0.00216552
0.00516311 0.00231707
0.00176995 0.0021819
0.00198091 0.00222573
-0.00249201 0.00221235
0.000369873 0.00219919
-0.00064217 0.00207377
-0.00244773 0.0021272
-0.0020229 0.00219608
-0.00140172 0.00218397
-0.000954931 0.00213351
0.000451786 0.00198034
0.000927615 0.00201545
-0.000570018 0.00207883
-0.00080183 0.00211567
0.00315262 0.00216352
0.00212931 0.00208358
9.5668e-05 0.00234801
0.000920247 0.00214465
0.00438055 0.00205188
0.00278395 0.00219165
-8.22949e-05 0.00204414
0.00268679 0.00215129
-0.00206939 0.00212685
0.00228948 0.00202934
0.0023826 0.00209169
-0.00598359 0.00217656
0.00165448 0.00204724
-0.000559008 0.00221025
-0.00383616 0.0020463
-0.000176907 0.0020613
-0.0020565 0.00215051
-0.00334902 0.00213389
-0.00198577 0.00207923
-0.00363439 0.00194341
-0.00701551 0.00218569
-0.00127456 0.002121
0.000133847 0.00213334
-0.00186638 0.00216219
-0.00242186 0.00221464
-0.000218894 0.00208824
-0.0027986 0.00208435
-0.00280441 0.00208337
0.00372858 0.00231506
-0.00113572 0.00209531
0.00140675 0.00203618
0.00345567 0.0021281
0.00245588 0.00215179
0.00074391 0.00201407
0.000617388 0.00199472
-5.67151e-05 0.00226686
-0.00257701 0.00206278
-0.0035917 0.00222744
-0.000274702 0.00196037
-0.000601373 0.00213066
0.00181321 0.00217323
-0.00332491 0.00212523
-0.00112432 0.00200692
0.000458381 0.00202397
0.00293861 0.0021618
-0.00141451 0.00219085
-0.00217222 0.00205624
-0.000767278 0.00222462
-0.001165 0.00202864
-0.001784 0.00223371
-0.00560437 0.00204573
-0.00122171 0.00196677
-0.00458602 0.00216242
-0.00336126 0.00214562
0.00148477 0.00212661
-0.00327553 0.00209695
0.000448511 0.00205685
0.00178815 0.00197612
0.000497197 0.0020661
0.00119511 0.00200773
0.000867961 0.00201715
-0.000991262 0.00209953
-8.80192e-05 0.00211355
-5.6286e-05 0.00193009
-0.00123779 0.00199692
-0.00282964 0.00197842
-0.00205041 0.0020165
0.00295151 0.00209355
0.00156505 0.00214758
-0.00167267 0.00216505
0.0016498 0.00201702
-0.000470081 0.00210435
0.00414232 0.00206501
0.00298378 0.00195969
0.00254161 0.002094
-0.00405575 0.0020401
0.00252914 0.00204718
-0.000625461 0.00219173
0.000979578 0.00207452
-0.000136052 0.00210175
-0.000464034 0.00213303
-0.00219003 0.00211829
0.000566302 0.00208554
0.00126744 0.00209897
-0.00111461 0.00202019
-0.00335134 0.00200913
-0.00164662 0.00207198
0.000862157 0.0020731
-0.00340989 0.00206378
-0.000614785 0.00198669
0.000167365 0.0019634
-0.00170771 0.00210107
0.000893193 0.00202354
0.000507855 0.0020198
-0.00116298 0.00203594
-0.00172285 0.00201534
0.00545254 0.00206954
0.000624148 0.00211745
-0.000770928 0.0021537
0.000742255 0.00216515
-0.000910756 0.00202595
-0.000813056 0.00201839
-0.00164381 0.00203754
-0.00438997 0.0022175
-0.00360232 0.00204861
-0.00144354 0.00201082
-0.00480811 0.00208522
0.000400943 0.00195195
-0.000204991 0.00199435
-0.00203064 0.00206034
-0.00216957 0.00201836
8.88816e-05 0.00203561
-0.00211879 0.00206653
9.96351e-05 0.00200944
-0.00124942 0.00209525
-0.00312371 0.0019395
0.000515082 0.00194696
0.000609973 0.00200713
0.000626652 0.00212969
-0.00452906 0.00193317
-5.88216e-05 0.00199365
-0.000134946 0.00208427
0.00166748 0.00207277
-0.00128813 0.00192305
0.00281879 0.00208894
-0.0015231 0.00202683
-0.000156114 0.00199629
0.00165978 0.00205881
0.00488045 0.00212757
-2.47966e-06 0.0020419
0.00323676 0.0019275
-0.00129101 0.00211999
-0.00389392 0.00204167
-0.00313713 0.0019671
0.000181381 0.00203136
0.000707641 0.00204738
-0.0002147 0.00203357
0.00143038 0.00195131
0.00325188 0.0020738
-0.000194329 0.00199635
0.00375003 0.00201651
-0.00340736 0.0019627
-0.000700698 0.00193985
0.00481441 0.00205622
0.000494307 0.00207541
-0.000371816 0.00197977
-0.00203826 0.00205846
-0.000611752 0.00200909
0.00202112 0.0020093
-0.00260951 0.00204101
0.00190224 0.00194807
-0.000392189 0.0020215
-0.000827837 0.00204574
-0.00148338 0.00207304
-0.000802268 0.00200992
-0.00209482 0.00201865
0.00189327 0.00194082
0.000177712 0.00225523
0.00228117 0.0020376
0.00203425 0.00206434
-0.000224586 0.00198555
0.00157484 0.00216637
-0.00138535 0.00206356
0.00501791 0.00209285
-0.00116795 0.00201687
-0.00111402 0.00205492
-0.000639852 0.00205162
0.00100441 0.00196293
-0.00105875 0.00196266
-0.000708682 0.00207894
0.000136548 0.00210298
0.00146259 0.0021136
0.00220965 0.0019171
0.00298284 0.00207125
0.00330454 0.00204543
0.00136088 0.00201711
-0.00362425 0.00208249
-0.00312089 0.0020537
0.000795362 0.00199118
-0.000495099 0.00210171
0.00451506 0.00194364
0.00159488 0.00205785
-0.00192752 0.00205912
-0.000411422 0.00202374
0.00476152 0.00209082
-0.00322538 0.00209511
-0.00141241 0.00202102
-0.004356 0.00200864
0.00347973 0.00209181
-0.00189807 0.00202631
-0.00271203 0.00201382
0.00323002 0.00204816
0.0013535 0.00194979
0.00347084 0.00201795
-0.00228233 0.00208883
-0.00289535 0.00196525
0.00025619 0.00200329
-0.00131772 0.00213728
0.00079377 0.00197434
-0.000227278 0.0020232
-0.00144466 0.00208838
0.00331262 0.00191664
-0.00142089 0.00196368
-0.00172461 0.00208201
-0.00590987 0.00217811
-0.000582603 0.0020726
0.000813 0.00199056
-7.30454e-05 0.00205773
-0.00103611 0.00191994
-0.00221004 0.00195427
-0.000714426 0.00201235
7.03938e-05 0.00205676
-0.00334913 0.00196926
-0.00143739 0.00206248
0.00256823 0.00210567
0.00214451 0.0020193
-0.000944665 0.00204072
-0.0022849 0.00197293
-0.00291378 0.00203451
0.00023648 0.00203111
0.00017929 0.00206861
0.000541557 0.00216826
0.000335099 0.00205931
-0.00168539 0.00209347
0.000325976 0.00207743
0.00540348 0.00214545
0.0023406 0.00205657
0.00201327 0.00218514
0.00119335 0.00207305
-0.00258691 0.00198043
-0.00207943 0.00201682
-0.00171108 0.0022035
-0.00257177 0.00195463
0.00539119 0.00200244
-0.000999874 0.00203516
-0.00240109 0.00202131
9.5014e-05 0.00220791
-4.37044e-05 0.00208744
0.00147516 0.00191181
-0.00457826 0.00205747
0.000496777 0.00206255
-0.00568335 0.00201247
-0.00210167 0.00218679
-0.00065437 0.00201157
0.000300581 0.00230612
0.00199321 0.00214443
0.0012191 0.00208423
-0.00163211 0.00215016
-0.00124596 0.00196362
0.00109837 0.00217252
0.00365217 0.00204748
-8.09457e-05 0.00203804
-0.00139028 0.00207946
0.0053099 0.00217903
0.000189422 0.00202635
0.00188197 0.00211504
-0.00063725 0.00208026
0.00402083 0.00213274
0.00461118 0.00205074
-0.000648087 0.00214421
-0.0020412 0.00216809
0.000431786 0.00209575
-0.00309958 0.00210814
0.000619612 0.00208212
0.00264059 0.00215942
0.000517677 0.00209219
-0.00331523 0.00203677
0.00087231 0.00205423
-0.00360428 0.00207899
-8.35651e-07 0.00208141
0.00317386 0.00212884
-0.00458948 0.00207379
0.00112433 0.00215753
-0.000975978 0.0019306
-0.000514449 0.00203382
0.00152518 0.0021415
-0.000168075 0.00207988
-0.00115542 0.00212787
0.00143667 0.0021008
-0.00266184 0.00198202
0.00128375 0.0021342
-0.00188902 0.0019714
-0.00241366 0.00202135
0.00325708 0.00215356
0.00260823 0.00225928
0.000380536 0.00212703
0.00201416 0.00214502
0.00118011 0.00206432
-0.00152123 0.00218701
-0.000662248 0.00220539
0.000326594 0.00220205
-0.000391847 0.0020506
0.00169628 0.00211191
0.00327489 0.00211872
0.00199633 0.00204817
0.000738159 0.00209838
-0.00189756 0.00195936
0.00231116 0.00215387
-4.15619e-05 0.00203771
-0.00129379 0.00208928
-0.000516506 0.00215669
-0.00177617 0.00220983
-0.00134499 0.0020948
-0.00310414 0.00211781
-0.000622112 0.00215653
0.00206423 0.00221678
0.00102769 0.00210529
0.0022919 0.00216677
0.000735809 0.00221604
0.00300294 0.00204914
-0.00431143 0.00219708
-0.001303 0.00197671
-0.00461169 0.0021404
-0.000391447 0.00203022
-0.000679973 0.00206962
-0.000890588 0.00208412
-0.00341414 0.00223525
0.00497324 0.00210399
-0.00257949 0.00232945
-0.00030306 0.00222252
0.00276733 0.00232338
-0.00050903 0.00207204
0.00103596 0.00206219
0.00189393 0.00225519
0.00226704 0.00210061
9.04549e-05 0.00201603
0.0028394 0.00217756
0.00285912 0.00212927
0.00040656 0.00228943
-0.00235978 0.00209379
-0.00272216 0.00212149
-0.00547354 0.00229652
-0.00114805 0.00214879
0.00315429 0.00218447
-0.00373051 0.00211902
-0.000718946 0.00229088
-0.000733135 0.00207391
-0.00268276 0.00220242
0.00137957 0.00213832
-0.000849017 0.00219779
-0.000567692 0.00233825
-0.00220547 0.00227679
-0.00388975 0.00212822
-0.000479463 0.0021164
-0.00281847 0.00218995
-0.000932428 0.00224597
-4.36328e-06 0.00222342
-0.00248508 0.00214503
0.00323517 0.00218385
-0.00319782 0.00220872
-0.0009457 0.00226006
-0.00127022 0.0023116
-0.00392589 0.00217479
3.02641e-05 0.00228451
0.00389263 0.00235881
-0.00109924 0.00207334
0.0031491 0.00210494
0.000507336 0.00222478
0.00105889 0.00219316
-0.00018171 0.00227113
0.000451357 0.00227296
-0.00282885 0.00222386
-0.000656712 0.00221381
-0.00234928 0.00224204
0.0053381 0.00223976
0.0013207 0.00227673
-0.00302176 0.00223654
0.00359645 0.0023126
0.00200584 0.00219387
-0.00194515 0.00214531
0.000745585 0.00212709
0.00114349 0.00225591
0.00138994 0.00221569
-0.00267152 0.00214703
0.00150242 0.00222067
0.000335966 0.00225809
0.00109649 0.00226758
-0.000178685 0.00229126
0.000929312 0.00223675
-0.000404996 0.00224861
0.00186234 0.00222399
-0.00289805 0.00223601
0.00284547 0.00232335
0.00101058 0.00234866
0.00277728 0.00210783
-0.00112217 0.00226504
-0.000230551 0.00234665
-0.00136315 0.00239047
0.00059874 0.00232448
0.00417829 0.00226061
-0.00292011 0.00229898
0.00200784 0.00227121
0.000552816 0.0023339
-0.0030375 0.00232903
0.000879808 0.00236852
8.81496e-05 0.00242547
0.00240098 0.00236483
-0.00034628 0.00245815
-0.00223672 0.0023162
-0.00302262 0.00232492
-0.00633015 0.00229669
-0.00285256 0.00216259
-0.00386753 0.00231468
0.00225723 0.00229595
0.00226583 0.00222907
-0.000271308 0.00231093
-0.000532381 0.00231502
-0.000179668 0.00236081
0.0018899 0.00218603
0.00254702 0.00228135
-0.000880504 0.0023074
0.00246205 0.00219486
-0.000499973 0.00228159
0.00216992 0.00237015
-0.00184239 0.00247776
0.00157637 0.00245053
-0.000635456 0.00237229
0.00439354 0.00249714
-0.00253159 0.0024049
-0.000378006 0.00243536
0.00272122 0.00238238
0.000831577 0.00234064
-0.000286365 0.00251284
0.000790967 0.00252841
0.00133087 0.0023865
0.000536337 0.00241752
0.00223764 0.00233295
-0.00269925 0.00243659
0.00143097 0.00243541
0.00234551 0.00238051
-0.00299294 0.00257061
-0.000542801 0.0023803
-0.0018809 0.00227279
0.00134716 0.00251309
0.00301881 0.00246767
-0.000288344 0.00244476
0.00027182 0.00234369
0.00127938 0.00232943
-0.0022669 0.0022267
-0.00356934 0.00252604
0.00133294 0.00236364
0.00122885 0.0023297
-0.00352145 0.00228129
0.00151997 0.00230787
0.000920057 0.00252491
8.48597e-05 0.00250601
-0.000676894 0.00240472
-0.00290418 0.00236355
0.000234656 0.00246281
0.00287008 0.00244663
-0.000665651 0.00224998
-0.000716947 0.00259257
-0.00406482 0.00235806
0.00233415 0.00232981
-0.000221403 0.00245036
0.00411016 0.00247275
0.00205207 0.00233302
-0.00311724 0.00249854
-0.000776523 0.0024478
-0.000305235 0.00246384
0.000100566 0.00251599
-0.00112598 0.00248436
0.00567738 0.00260071
-0.00119404 0.0023571
-0.00320973 0.00245373
0.0023239 0.00250541
-0.00159518 0.00227891
-0.000293893 0.00255928
-0.000214088 0.00245282
-0.00933471 0.00252065
-0.00118592 0.00254775
0.00108716 0.00268356
0.00201356 0.00239733
-0.00121123 0.00246557
-0.00216037 0.0024329
-0.000746722 0.00247927
-0.000141751 0.00260777
0.00103064 0.00262556
-0.00239542 0.00266408
0.00485685 0.00252244
-0.00014699 0.00271737
-0.00180346 0.00253502
0.00692845 0.00280278
0.00438876 0.0025491
0.000678595 0.00275008
-0.000962057 0.00294327
0.00267149 0.00266017
0.00132941 0.00264024
0.000989431 0.00254223
0.00166183 0.00271078
0.00127744 0.00255411
-0.00288453 0.00255286
-0.00280544 0.00251757
-0.00520753 0.00251437
0.00377407 0.00289971
-0.00151366 0.00281621
0.00351959 0.00269189
-0.00114407 0.00265985
-0.00236079 0.00258363
0.00041395 0.00241648
-0.00112689 0.00261158
0.00147866 0.00262068
0.00150199 0.00287859
0.00302481 0.00250899
-0.00310413 0.00257981
0.00161312 0.00258045
0.00208235 0.00247334
0.00637718 0.00264043
-0.00252905 0.00268533
-0.000912464 0.00299507
-0.00112125 0.00270563
-0.00160486 0.00282034
0.00382021 0.00266263
0.000260759 0.00280676
-0.00643597 0.00263627
-0.00314629 0.00274105
0.0026177 0.00278158
0.00281455 0.00268539
0.00643721 0.00294229
0.000690184 0.00281684
-1.58587e-05 0.00282523
-0.00184864 0.00267705
-0.000113769 0.00260517
-0.000502566 0.00286578
-0.00486602 0.00261247
0.00494593 0.0029291
0.00306674 0.00277756
-0.000309255 0.00262096
0.00532555 0.00315336
-0.00592098 0.00269509
-0.00325323 0.00279723
-0.00330573 0.00259969
-0.00285208 0.00276577
-0.000657543 0.00257482
0.00255298 0.00262379
0.00117026 0.00259902
-0.00372024 0.00286569
0.000182595 0.00283378
-0.00276012 0.002681
0.000200173 0.00276076
